817
764
726
680
632
584
547
505
464
437
410
376
361
344
323
307
300
289
278
279
279
274
283
291
295
305
321
333
343
363
378
386
405
420
426
438
453
461
463
475
479
476
484
485
476
473
472
464
453
449
439
421
418
407
390
378
371
358
342
335
324
308
305
297
283
279
276
268
261
261
259
252
258
258
256
251
256
258
258
267
267
268
267
277
281
291
291
296
298
313
315
315
325
330
325
335
339
339
340
346
347
344
350
351
345
350
353
353
347
348
355
357
355
368
378
385
408
431
451
481
521
559
598
648
692
732
787
835
877
923
970
977
978
977
977
977
977
977
977
977
977
977
978
977
977
978
977
977
977
977
977
977
977
977
972
916
878
831
779
736
690
641
594
558
514
472
443
415
383
369
352
334
318
314
304
296
299
303
299
311
322
327
336
353
365
373
393
407
414
433
446
450
458
470
474
474
482
483
477
480
477
467
461
460
449
437
431
420
403
397
385
367
355
348
335
321
316
304
288
286
278
266
261
261
255
249
251
248
242
249
248
244
247
254
254
254
262
265
263
274
278
278
287
294
297
300
312
316
316
328
333
331
343
348
348
348
356
356
352
359
360
353
361
364
360
360
365
366
363
372
377
378
394
407
418
438
466
493
520
564
605
640
689
734
773
818
869
913
953
977
977
977
977
977
977
977
977
976
978
976
977
977
977
977
977
977
977
977
977
977
977
977
978
961
915
863
816
771
667
625
577
577
527
492
453
415
391
342
342
320
310
297
284
285
283
275
287
292
296
303
319
329
337
357
372
380
401
417
426
435
452
460
463
475
480
477
484
486
479
476
476
468
456
454
445
428
423
414
396
384
376
364
348
342
331
315
312
306
291
285
283
275
268
269
265
257
264
264
258
260
267
266
266
274
277
277
289
293
294
300
311
314
316
327
331
329
341
344
342
349
354
354
352
359
359
355
364
364
358
366
366
364
363
371
370
368
377
382
381
397
410
422
439
466
490
516
555
593
625
670
714
750
794
843
886
925
971
977
977
977
977
977
978
976
977
977
977
977
977
977
977
977
977
977
977
978
976
977
952
913
868
815
767
723
672
623
581
535
486
454
421
385
358
340
316
296
288
275
263
266
263
261
269
279
286
294
313
327
338
362
378
388
411
426
436
448
465
473
477
489
492
487
493
491
483
474
472
461
447
441
429
410
404
393
376
364
355
342
326
320
310
294
292
284
271
264
262
255
245
248
244
235
240
241
236
239
245
248
249
259
264
262
262
274
280
280
286
297
301
303
314
319
319
330
334
333
337
345
346
346
354
355
353
362
363
360
363
367
365
364
371
371
370
381
385
386
401
411
422
439
465
487
514
552
590
620
667
709
750
793
846
891
931
975
977
977
977
977
977
977
977
978
977
977
977
977
977
977
978
977
976
977
978
976
977
977
977
973
913
864
819
768
715
671
623
569
529
488
443
411
388
361
337
325
310
292
293
288
281
282
290
294
298
314
324
332
352
364
373
389
406
418
427
446
455
459
474
479
478
485
484
480
474
475
466
454
450
440
421
417
405
389
374
367
352
335
329
318
300
296
287
275
266
264
256
246
247
244
235
239
240
236
237
243
242
241
250
254
254
265
273
273
280
291
296
299
310
315
315
327
331
330
335
342
345
345
352
355
349
357
358
353
353
358
355
351
356
354
348
355
355
352
357
364
368
374
391
403
415
443
469
494
532
572
612
653
704
747
791
845
893
932
976
977
977
978
977
977
977
977
977
977
978
977
977
978
977
977
977
977
977
977
977
977
977
977
977
959
906
862
811
753
708
658
602
554
513
468
468
425
399
370
339
325
309
289
281
278
274
270
279
286
289
307
321
331
347
367
381
395
415
429
438
456
467
472
481
491
493
493
499
498
491
495
489
478
473
464
451
437
430
415
397
390
376
356
351
339
325
312
309
297
285
282
275
263
264
262
255
251
255
253
250
258
262
257
266
275
274
279
290
294
296
308
314
313
324
330
330
334
343
346
345
356
360
359
368
371
369
370
376
375
372
375
373
366
370
370
362
362
365
361
360
366
367
368
382
392
401
421
448
472
500
540
576
614
664
707
748
797
847
891
934
976
977
977
977
977
978
977
977
977
978
977
977
978
977
977
977
977
977
977
977
977
977
978
975
921
866
823
775
720
669
625
577
527
489
450
411
389
364
337
319
308
296
282
282
280
274
284
293
296
307
325
338
350
371
387
396
418
434
441
453
469
476
482
492
497
493
500
500
492
488
485
475
463
458
446
429
423
411
393
383
374
359
344
337
325
309
305
295
282
279
273
266
257
259
253
247
251
251
244
254
256
256
258
268
269
270
280
285
282
294
301
302
306
316
320
321
332
338
337
347
353
353
352
356
364
364
360
368
368
362
368
367
361
361
364
361
356
359
357
349
354
355
350
351
359
362
365
380
392
401
428
453
476
511
554
593
635
686
732
777
835
885
930
974
977
977
978
977
977
977
977
977
977
977
977
977
977
977
977
978
977
977
977
977
977
978
978
977
977
923
878
828
768
722
673
619
568
527
483
440
413
385
355
340
325
307
297
296
292
288
296
303
306
322
337
344
359
380
394
406
427
443
451
469
481
483
490
500
504
502
508
506
497
498
493
481
472
466
452
437
428
414
394
387
372
354
342
334
320
306
302
291
278
279
272
262
261
260
255
251
255
253
250
258
260
255
265
269
269
270
281
284
285
297
304
304
318
327
331
336
348
354
356
368
373
372
381
386
384
386
391
392
388
393
392
384
389
389
381
380
382
379
373
375
372
365
370
370
363
365
371
373
376
390
402
412
438
464
488
522
566
607
650
703
751
797
858
909
957
977
977
977
977
977
977
978
977
977
977
978
977
977
978
977
977
978
977
977
978
977
977
977
977
977
977
977
977
977
936
888
831
771
711
661
605
547
504
504
462
419
392
367
340
321
310
299
287
288
289
285
295
306
311
324
342
355
366
388
404
413
433
447
453
464
479
484
485
493
494
489
492
489
479
472
468
457
442
436
423
405
400
387
370
357
349
335
321
316
305
291
291
284
272
268
266
261
255
258
255
249
256
255
252
260
263
263
266
277
280
282
294
300
300
315
323
327
332
344
349
350
360
366
362
372
378
377
377
383
383
379
384
385
378
383
383
376
375
378
376
371
376
377
370
377
380
377
382
394
402
411
432
452
470
504
539
572
615
663
707
751
804
853
898
953
977
977
977
977
977
977
977
977
978
977
977
977
977
977
977
977
977
977
978
977
977
977
977
977
977
970
920
866
809
761
705
644
600
549
498
455
424
390
358
339
318
295
289
283
274
270
274
278
281
296
309
317
338
357
370
388
410
426
436
458
472
478
493
503
503
507
513
512
504
507
501
488
486
478
461
449
441
427
410
401
387
367
362
350
333
322
317
304
293
291
284
272
276
271
263
262
265
262
259
265
264
261
271
275
274
282
289
292
294
305
308
308
320
325
324
336
340
341
342
342
353
354
353
362
363
359
366
369
368
367
374
374
369
376
376
370
376
379
377
381
390
398
403
424
443
459
492
525
554
594
638
680
720
771
818
859
912
962
977
977
977
977
977
977
977
978
977
977
978
977
977
977
978
977
977
978
977
977
977
977
977
977
940
896
842
786
739
686
629
580
534
485
439
409
374
342
324
303
280
271
261
251
243
249
249
250
264
275
280
302
318
333
348
373
388
402
423
439
445
464
477
482
486
495
498
494
497
494
483
482
478
463
453
447
434
417
410
397
377
370
360
339
329
321
309
296
293
284
272
272
268
258
255
258
254
250
256
256
250
260
262
260
263
271
273
274
284
287
288
299
304
303
308
317
318
319
328
330
329
340
342
341
348
353
353
353
363
361
360
367
368
363
373
375
376
380
394
401
410
431
451
467
501
536
569
608
654
698
738
792
842
886
942
977
978
978
977
977
978
977
977
978
977
977
978
978
977
977
978
977
977
978
977
977
977
977
977
977
978
977
977
939
893
837
774
719
667
610
554
510
462
415
388
356
326
305
293
278
267
266
262
261
272
279
284
299
299
316
328
343
365
380
392
417
432
440
459
469
476
481
492
493
489
493
490
478
480
473
461
448
442
428
412
404
393
372
365
355
338
326
319
307
293
290
283
269
268
265
255
251
254
251
245
251
251
247
255
259
256
261
270
274
276
288
295
297
311
320
322
332
344
349
353
364
369
368
379
381
378
379
384
382
379
383
380
373
378
375
366
366
369
365
361
368
368
365
378
386
391
412
432
453
479
520
556
594
646
691
732
790
841
890
938
977
977
978
977
977
978
977
977
977
978
977
977
978
977
977
977
977
977
977
978
977
977
977
977
977
978
977
950
891
836
786
729
671
623
572
518
477
439
399
369
350
327
308
301
292
280
286
286
285
292
305
314
323
343
358
369
393
409
419
436
453
462
470
485
491
493
503
505
500
503
502
496
488
487
476
463
459
447
428
424
409
394
378
372
357
341
334
323
306
302
294
284
275
275
270
262
266
266
259
265
265
268
271
271
280
284
295
301
300
312
319
320
326
336
339
340
350
355
354
363
367
365
368
375
375
373
379
379
373
381
383
378
380
385
386
385
393
398
397
413
423
423
431
449
473
495
523
562
598
633
680
723
762
810
861
906
948
977
977
977
977
977
978
978
977
977
977
977
977
978
977
977
978
977
977
978
978
977
977
978
977
949
893
848
798
740
687
638
584
530
488
446
403
377
350
320
300
287
272
258
259
256
251
261
270
274
286
306
321
336
360
380
393
418
437
449
465
485
494
500
511
517
512
520
517
507
502
498
487
473
467
453
434
427
413
393
381
372
357
342
336
323
307
302
291
277
273
268
259
251
253
247
242
247
246
240
251
253
255
257
268
271
271
281
288
286
299
308
310
315
325
329
330
339
344
341
350
356
354
356
362
363
360
368
369
364
372
375
371
373
380
383
384
397
406
413
436
457
475
505
544
582
622
671
716
756
811
861
905
954
977
977
978
977
977
978
977
977
977
977
977
978
978
977
977
978
977
977
977
978
977
977
977
977
978
978
938
885
885
824
720
720
662
606
560
507
455
417
380
341
321
298
276
258
252
242
233
242
240
240
269
276
291
291
327
340
363
381
390
411
427
434
445
458
465
466
474
475
468
473
470
458
451
448
437
422
414
402
402
383
377
365
348
336
330
317
303
297
287
273
272
266
255
251
253
248
245
250
248
245
254
256
255
261
270
273
277
289
294
296
310
317
319
331
338
341
343
355
358
357
367
371
365
375
377
376
374
381
381
376
381
381
374
381
383
379
379
384
384
383
392
398
400
417
433
446
469
502
532
565
612
657
695
747
797
841
892
946
977
977
977
977
977
977
977
977
977
977
977
978
977
977
978
977
977
977
977
977
978
978
977
977
978
977
977
977
922
872
814
755
703
647
588
542
491
442
408
376
345
318
304
285
269
266
261
252
262
269
273
282
301
314
326
349
368
378
402
421
433
446
464
473
478
490
496
492
497
498
489
482
480
470
455
450
439
420
414
403
384
372
363
350
333
328
317
301
297
290
276
269
267
260
254
254
250
242
249
251
247
250
258
260
261
271
276
276
290
296
298
307
318
323
328
342
348
348
350
364
370
370
379
384
385
385
392
391
387
393
392
386
391
388
383
378
380
374
367
369
366
355
359
358
354
351
357
358
359
372
384
393
418
445
470
503
547
590
632
687
737
781
838
892
936
977
977
977
978
977
977
978
977
977
978
977
977
977
978
977
977
978
977
977
977
978
977
977
978
977
977
956
913
859
799
744
693
637
581
537
488
440
410
378
346
325
310
293
280
278
273
267
277
283
285
300
313
325
338
361
376
389
411
427
435
455
467
474
479
491
492
488
493
491
479
480
475
462
451
445
434
417
411
400
381
375
364
347
335
327
315
301
297
288
273
272
268
255
252
254
250
245
251
252
248
257
262
260
265
275
279
282
293
300
302
316
324
326
333
344
349
354
365
371
372
384
389
387
392
398
397
394
400
398
391
397
395
389
391
391
385
380
383
379
373
379
377
371
382
387
392
400
422
439
458
491
526
556
606
651
693
739
792
842
888
945
977
977
978
977
978
978
977
977
978
977
977
978
978
977
977
978
977
977
978
977
977
978
977
977
977
978
977
952
895
843
786
723
673
620
561
510
468
422
422
382
356
330
301
291
276
261
255
257
255
256
271
280
290
312
328
341
363
385
400
415
437
450
459
477
486
487
498
500
498
493
496
488
476
472
462
444
439
427
410
395
388
372
354
345
334
315
307
299
283
272
267
259
246
245
239
228
230
230
223
221
225
224
222
231
233
231
242
248
248
255
266
272
275
288
296
297
311
319
319
326
337
341
344
353
357
356
367
370
368
371
377
375
373
377
375
368
373
369
361
360
359
353
347
349
345
338
342
340
336
343
348
352
360
378
392
410
442
471
499
549
596
643
695
754
807
857
918
972
978
978
977
977
977
977
978
978
977
977
978
978
977
978
978
977
978
978
977
977
978
977
977
977
978
977
977
978
977
915
853
801
746
682
625
576
522
471
433
397
359
340
318
294
281
278
269
265
272
276
278
294
305
315
330
351
363
377
400
414
424
444
455
460
472
481
481
482
488
484
474
475
466
450
448
436
420
405
398
383
364
356
344
324
319
309
297
284
279
270
258
256
251
240
241
240
233
231
235
235
232
241
244
241
253
260
259
265
277
284
286
299
307
309
324
335
335
336
344
355
360
362
372
376
375
384
388
385
388
394
392
388
393
392
385
391
389
382
380
382
377
370
372
367
357
360
357
349
351
352
350
349
359
364
370
390
408
424
459
492
526
567
620
667
712
770
822
868
928
976
977
978
977
978
978
977
977
977
977
977
978
978
977
977
978
977
977
978
977
977
977
978
977
978
978
977
977
926
878
822
759
702
651
594
537
492
448
404
378
351
321
302
291
277
267
266
265
261
273
281
287
299
319
332
345
368
384
396
419
434
443
457
471
478
483
494
495
492
498
496
487
486
479
467
454
448
433
415
407
392
369
362
349
331
315
310
297
283
279
271
257
257
254
245
240
242
240
234
240
242
236
245
251
250
255
264
269
270
282
289
290
303
311
313
321
330
335
336
347
350
348
358
362
359
361
368
367
367
371
372
365
371
371
363
362
367
363
360
364
364
360
368
370
369
377
389
397
409
432
453
474
512
546
581
629
676
719
763
817
863
907
961
977
978
977
977
978
978
977
977
977
977
977
978
977
977
977
978
977
978
978
977
977
977
977
977
977
929
882
828
770
722
722
670
612
567
521
469
428
398
365
334
316
296
273
266
260
247
246
252
255
260
275
287
295
318
335
347
364
387
402
416
436
450
456
472
479
480
485
491
488
483
485
478
466
465
455
438
429
419
405
390
383
368
350
346
333
316
311
302
290
280
278
269
261
261
258
248
253
254
250
250
258
259
258
268
273
271
283
291
292
297
307
311
313
324
329
328
339
345
343
347
355
357
354
364
365
360
367
368
362
361
364
362
358
361
360
354
360
362
357
360
366
367
369
380
387
393
414
432
450
477
514
548
585
636
681
724
781
830
877
929
976
977
978
977
977
978
977
977
977
978
977
978
978
977
977
978
977
977
977
977
977
977
977
977
977
978
977
977
914
866
813
752
695
642
588
530
487
444
399
371
345
315
292
280
266
252
253
251
247
257
265
270
283
302
317
329
352
369
380
402
418
425
437
453
460
464
474
477
472
479
477
468
462
461
450
436
432
419
401
395
381
361
349
340
325
310
303
290
276
272
262
249
247
244
236
230
233
229
225
234
234
230
240
245
246
249
261
265
266
277
284
284
297
305
309
315
315
326
330
332
343
349
347
357
362
361
362
369
369
365
372
371
365
370
371
364
364
367
364
360
364
362
356
364
367
364
369
382
390
401
423
445
465
503
539
575
621
671
716
762
816
866
911
967
977
977
978
977
977
978
977
977
978
977
977
978
977
977
978
978
978
977
978
977
977
978
977
977
977
977
977
938
879
830
774
712
663
611
556
504
462
419
380
355
329
299
287
277
262
256
259
259
260
273
283
289
309
325
337
355
377
393
405
427
442
448
466
478
479
485
493
492
488
490
484
471
468
457
440
428
420
404
388
379
364
344
339
326
308
298
292
280
270
267
258
249
250
246
238
237
239
236
233
241
240
238
249
253
253
263
270
275
280
293
298
301
314
321
320
335
340
342
345
357
358
358
367
371
366
375
378
375
375
380
379
376
382
382
376
381
383
378
377
382
383
380
391
398
403
423
442
457
483
518
552
587
634
675
713
765
814
854
901
952
977
978
977
977
978
977
977
978
978
977
977
978
977
978
978
978
977
978
978
978
977
978
977
972
912
871
820
762
714
664
608
556
513
465
421
392
362
328
315
315
296
278
265
263
257
251
258
264
264
280
295
305
319
340
357
370
393
410
419
441
456
464
474
487
493
494
503
504
497
501
498
486
479
474
462
445
439
426
406
398
385
364
350
342
327
312
306
295
280
277
271
259
254
255
249
244
247
246
241
249
251
248
253
261
265
268
280
286
289
304
311
314
324
333
338
340
353
355
356
367
370
367
378
379
378
376
383
381
377
383
384
375
382
382
379
376
380
379
375
383
386
382
394
406
415
431
455
478
500
539
576
610
657
701
739
786
837
884
926
974
977
978
977
977
978
978
977
977
978
977
978
978
978
978
978
978
977
978
978
977
977
978
977
977
978
949
904
849
792
745
689
630
586
535
482
442
409
374
344
325
302
281
274
265
253
257
257
258
263
277
285
294
314
329
339
363
381
395
409
430
441
448
463
472
471
481
484
479
475
475
468
455
452
444
427
422
413
396
384
376
362
345
339
329
311
308
299
284
277
274
267
259
259
256
247
251
251
246
247
253
253
253
261
263
262
275
281
282
289
301
304
308
319
324
325
339
344
344
352
361
363
365
374
376
373
373
383
384
379
384
384
379
375
380
376
370
374
372
363
369
367
364
361
368
367
365
375
383
386
405
425
443
468
503
538
574
624
670
711
765
816
861
911
964
978
978
977
978
978
977
977
977
978
977
978
978
977
977
978
977
977
978
978
978
977
978
977
978
977
977
977
955
906
859
805
747
700
647
592
548
502
456
422
396
366
342
328
311
296
295
291
285
291
298
302
310
327
339
351
371
388
396
420
434
446
455
472
479
481
491
496
489
495
493
485
477
475
465
451
446
435
417
409
399
381
369
362
349
333
327
318
301
298
292
278
271
269
262
255
257
255
248
254
256
252
255
265
267
268
278
283
284
298
306
308
317
330
336
341
353
359
361
374
378
377
382
390
391
391
398
398
393
401
399
394
397
397
392
387
392
387
383
389
387
380
388
390
391
395
410
419
431
455
479
500
540
580
619
660
710
756
799
852
902
902
942
977
978
978
977
977
978
977
978
978
977
977
978
978
977
978
978
977
977
978
978
977
977
977
977
926
872
825
772
712
666
615
558
509
468
424
424
358
329
299
286
269
269
242
240
235
233
233
243
249
255
274
289
300
321
342
360
376
400
415
427
448
460
464
479
486
488
489
494
490
482
482
475
458
454
445
429
414
406
390
370
362
348
328
320
309
292
280
276
267
257
257
254
246
250
250
246
248
253
255
252
262
266
265
275
281
282
289
300
305
310
322
330
331
344
353
354
361
372
375
376
385
388
385
395
397
393
395
400
397
394
398
396
390
395
393
386
387
389
387
384
390
390
387
400
406
410
429
446
464
486
523
555
590
637
677
714
768
816
861
908
962
977
978
977
977
978
978
977
977
978
977
977
978
977
977
978
978
978
977
978
977
978
978
977
978
978
977
952
896
845
796
740
683
635
582
526
485
443
401
368
344
318
295
283
270
255
258
256
252
257
271
277
286
306
321
333
358
376
388
408
426
438
448
466
475
478
490
493
488
493
491
483
475
473
462
448
443
429
409
403
389
371
355
348
348
333
316
300
283
283
279
273
261
254
249
242
244
244
236
241
244
240
242
249
253
251
262
267
266
279
287
286
293
304
310
312
324
330
329
341
347
345
350
350
359
361
362
370
370
366
374
375
370
371
374
372
369
373
372
367
374
375
372
377
386
390
398
416
430
446
478
507
536
579
623
665
708
761
807
855
911
960
978
978
978
978
978
977
977
978
977
978
978
978
977
978
978
977
977
978
977
977
978
977
978
977
978
977
977
922
874
820
757
709
656
596
544
499
453
410
382
353
321
306
289
268
259
256
251
247
255
261
264
282
295
305
320
341
355
369
392
407
416
436
448
452
461
472
473
472
478
474
466
468
461
448
442
434
422
409
403
389
373
368
354
336
332
321
306
294
291
280
267
265
260
247
250
247
241
238
243
243
239
246
250
247
257
265
265
271
282
286
288
301
308
307
321
328
330
337
346
349
348
358
361
358
367
370
367
368
375
374
372
378
378
373
381
382
378
381
387
389
392
403
412
418
440
458
476
504
540
575
611
658
699
738
791
837
878
927
973
977
978
977
978
978
977
977
978
977
977
977
977
978
977
977
978
977
978
978
977
977
978
978
977
934
884
839
789
730
683
635
579
530
488
444
404
376
347
316
299
283
264
253
251
245
241
249
254
255
273
288
296
313
335
351
366
388
406
417
438
454
459
470
484
489
491
498
497
491
495
490
480
474
469
457
443
435
421
403
396
382
363
352
342
326
311
304
291
277
275
266
254
254
249
242
239
243
241
238
246
248
245
257
262
264
268
279
283
284
296
302
301
315
324
325
331
340
345
344
354
357
353
362
366
364
365
372
374
371
379
383
379
388
394
393
402
416
427
440
464
486
508
546
583
617
659
706
748
790
842
889
929
975
977
978
978
977
978
978
977
977
978
978
978
978
977
977
978
978
977
978
978
977
978
978
978
977
947
894
848
793
736
688
636
577
535
487
442
402
374
343
314
297
279
257
253
247
240
238
245
251
254
270
283
291
313
331
344
361
382
397
408
429
442
447
463
473
473
478
484
482
475
478
472
461
458
451
435
425
419
404
389
382
368
350
344
332
315
304
297
284
273
270
263
252
254
249
242
241
244
241
238
245
246
243
255
255
257
257
267
272
275
280
292
296
298
311
316
315
328
333
335
337
347
348
348
358
362
359
368
373
372
372
380
379
376
384
387
383
393
402
405
416
436
453
471
503
535
564
609
653
690
735
786
832
879
933
976
978
977
978
977
978
978
978
978
977
978
978
977
978
977
978
978
978
978
977
978
978
977
977
977
978
977
933
878
831
774
715
667
613
557
512
467
424
386
361
332
305
295
279
262
261
257
253
253
264
270
276
294
307
314
335
353
365
379
401
415
423
441
453
455
468
476
474
475
479
476
467
468
461
447
444
437
423
413
406
394
377
372
361
344
339
330
312
303
298
289
278
276
270
259
263
260
254
254
259
259
259
267
269
268
280
285
285
292
302
305
309
320
324
325
336
341
340
346
353
354
354
362
361
359
369
370
367
375
378
377
377
385
386
388
400
406
409
428
443
458
478
511
540
569
613
654
687
737
784
827
872
923
968
978
977
978
978
978
977
978
978
977
978
978
977
977
978
978
977
978
978
977
977
978
977
978
978
977
977
929
876
826
767
708
658
603
544
500
455
410
376
350
322
297
285
269
269
255
255
252
249
255
266
273
283
302
317
328
353
371
383
405
422
434
445
462
469
473
484
487
481
489
487
480
473
472
461
448
443
433
412
406
396
379
363
354
341
324
318
308
291
288
281
269
261
260
254
246
249
247
239
245
247
243
247
255
257
260
271
276
276
289
296
295
301
311
315
316
325
329
327
338
341
340
344
352
352
353
361
363
361
370
373
371
375
383
385
388
401
409
416
438
456
473
504
536
569
606
653
692
732
784
830
871
927
971
978
977
977
978
978
977
978
978
977
978
977
977
978
978
978
978
978
978
977
977
978
978
977
977
978
952
902
842
793
740
679
625
577
525
473
436
399
360
337
315
287
270
262
251
243
246
249
248
262
273
280
294
314
328
343
367
383
397
420
436
446
460
476
481
485
496
496
491
496
490
479
476
468
456
442
437
422
405
398
383
362
355
342
326
312
307
295
282
279
271
258
259
256
250
247
251
250
247
254
258
253
263
269
269
274
283
287
288
298
304
302
313
319
318
323
332
335
335
345
349
346
356
360
356
359
365
365
364
371
374
370
380
384
384
391
404
404
413
424
446
467
487
524
557
591
633
678
720
763
816
862
907
962
977
978
978
977
978
978
977
977
978
978
978
978
978
978
977
978
978
978
978
978
978
978
978
977
978
978
977
919
859
807
750
686
634
582
525
473
434
395
357
334
309
282
272
260
246
240
242
243
243
256
267
273
294
311
323
341
364
380
393
415
429
437
454
465
468
474
483
482
478
480
475
463
463
453
438
427
418
402
385
377
363
344
338
324
308
300
292
280
269
266
256
246
248
244
236
241
241
239
239
247
249
249
260
265
263
277
283
287
291
303
308
309
320
326
324
335
341
341
345
353
354
352
359
361
355
362
364
360
359
365
365
360
367
369
365
375
383
383
393
410
424
440
470
498
525
570
614
653
698
750
798
846
902
953
978
977
977
978
977
977
977
978
978
977
978
977
977
978
978
978
978
978
978
978
978
978
977
978
978
977
978
978
977
912
849
795
735
667
617
561
505
452
414
374
339
318
298
273
267
260
252
249
256
261
265
282
297
306
328
347
360
378
400
416
426
446
460
464
479
488
486
489
495
491
483
482
476
462
458
448
448
431
420
413
397
381
373
360
341
337
326
310
300
297
287
277
277
270
261
266
264
256
258
263
262
263
272
274
273
286
291
291
300
308
310
314
325
328
329
340
344
342
355
359
360
363
373
375
374
382
385
380
390
394
393
394
400
403
402
411
417
417
432
447
458
476
504
530
557
599
635
667
714
759
799
845
898
944
978
977
978
978
977
977
978
978
978
978
978
978
978
978
978
977
977
978
977
978
978
978
978
978
977
977
926
872
820
760
699
647
590
530
486
439
394
362
334
305
281
268
253
238
239
236
230
242
250
257
268
290
305
319
343
363
374
399
419
431
443
461
470
473
485
490
484
490
491
483
476
473
463
448
442
429
410
402
390
371
356
347
332
316
310
299
283
280
273
261
254
254
249
243
246
244
237
245
246
244
248
257
259
262
273
279
280
293
300
303
311
324
329
334
347
352
354
367
371
371
378
384
385
385
393
391
386
393
392
384
389
389
384
380
386
383
377
384
384
379
390
395
400
410
431
448
467
502
538
570
620
668
710
757
811
863
909
965
978
978
977
977
978
978
977
978
978
977
977
977
978
978
978
978
978
978
977
978
977
977
978
978
978
978
978
977
978
928
874
813
746
692
632
568
513
465
416
372
342
311
281
266
250
233
228
229
227
228
242
250
258
280
297
310
334
354
371
387
410
425
435
454
465
465
480
485
485
483
488
482
471
469
461
443
439
428
411
396
386
371
352
344
330
310
305
294
278
268
263
254
243
243
238
230
235
234
228
228
235
236
237
247
251
251
262
270
270
277
289
295
300
315
322
326
342
350
353
361
373
377
380
390
392
389
398
397
393
395
397
392
387
392
388
380
384
380
372
373
370
364
359
362
358
353
360
361
358
373
383
393
409
438
463
491
535
578
618
676
728
777
829
887
940
977
977
977
978
978
977
978
978
978
978
978
978
978
978
978
977
978
978
978
978
979
978
978
978
978
978
978
978
977
977
908
852
790
720
666
606
543
487
445
399
360
333
305
277
265
251
236
232
236
236
241
256
268
278
303
320
333
356
378
393
408
431
444
452
469
477
477
489
491
489
485
487
480
468
465
456
437
432
422
406
391
383
369
352
345
334
315
310
303
289
280
277
277
269
259
259
255
245
249
250
244
246
252
252
252
262
266
265
277
285
285
293
305
310
314
326
332
332
345
352
352
358
368
369
370
379
380
377
385
386
381
382
387
382
378
381
377
370
374
370
362
361
363
359
356
362
362
362
378
388
397
423
446
471
502
546
586
628
681
730
772
829
880
928
974
977
977
978
978
978
978
977
977
978
978
977
978
978
977
978
978
978
977
978
978
977
978
978
977
977
945
895
839
774
716
661
601
542
493
446
399
368
337
304
280
265
247
232
231
226
220
231
237
242
255
275
289
304
328
347
361
387
405
417
435
453
463
471
486
491
491
502
500
494
494
491
481
471
468
454
439
432
418
398
392
378
361
345
338
324
307
301
292
275
274
270
260
254
254
250
245
248
250
244
252
257
254
257
265
268
268
279
285
284
297
305
306
314
325
330
332
344
348
348
358
364
361
365
371
372
371
377
377
372
379
381
376
376
381
377
374
378
378
375
384
387
388
398
413
423
438
466
492
518
562
602
640
688
738
783
831
888
936
977
978
977
978
978
978
978
978
978
978
978
977
977
978
978
977
977
978
978
977
978
978
977
978
978
978
978
978
943
892
831
768
713
655
591
542
490
437
396
365
331
300
282
262
240
235
228
219
219
228
232
239
257
271
282
306
326
339
359
383
398
413
432
445
451
467
474
474
478
484
480
474
475
467
453
451
440
422
413
404
388
372
365
350
332
328
315
298
293
283
272
262
261
252
243
247
244
236
243
244
242
242
249
251
250
260
265
264
276
284
286
292
303
308
311
323
329
328
338
343
343
346
354
356
353
360
362
357
364
368
363
365
371
370
368
374
375
372
379
384
382
389
401
408
418
438
456
474
509
541
574
616
665
706
749
803
852
897
954
978
978
978
977
977
978
978
978
978
977
977
978
978
978
977
978
977
978
978
977
978
978
978
977
978
979
977
978
920
868
810
743
690
635
575
519
471
424
380
351
320
287
271
256
237
228
228
226
224
237
246
252
272
289
301
320
344
362
376
400
418
418
426
461
465
474
485
487
487
491
489
479
481
475
463
453
447
432
417
410
410
378
378
371
357
327
327
319
304
291
286
274
262
260
252
241
240
239
235
231
237
236
235
246
250
249
261
268
270
275
288
293
296
310
318
318
333
341
345
349
360
363
363
372
376
372
381
387
384
384
390
391
387
394
397
392
402
407
407
413
428
438
447
471
494
513
551
587
619
658
704
746
789
842
889
932
977
977
978
978
978
978
978
978
977
979
978
978
978
978
977
978
978
978
978
978
977
978
978
978
977
977
911
862
804
742
692
635
574
526
476
426
385
356
324
294
278
261
241
240
235
231
230
241
247
253
272
288
297
322
344
360
378
402
419
431
452
466
472
488
498
499
502
509
507
499
501
495
480
478
469
452
441
433
419
400
394
380
361
354
344
326
315
309
296
285
283
276
264
265
261
253
251
255
252
250
256
258
255
266
269
267
273
283
286
289
300
304
306
319
323
324
333
340
341
343
353
355
355
364
367
364
376
379
379
381
392
396
400
415
428
436
460
483
505
533
572
609
644
690
690
733
770
823
872
915
960
978
978
978
977
978
978
978
978
978
978
978
978
979
977
978
978
978
977
978
978
977
978
978
978
978
978
950
895
831
771
717
654
594
544
489
436
402
365
328
301
281
258
239
231
220
211
216
218
219
230
246
259
274
299
319
334
362
382
396
419
436
448
459
476
483
486
497
498
490
495
491
481
471
468
456
440
432
419
397
390
378
361
345
336
322
303
297
287
271
269
264
253
248
249
245
239
244
244
239
246
250
247
250
260
263
263
275
280
282
294
303
304
310
321
325
328
338
342
340
351
354
353
356
364
364
364
373
375
374
386
390
391
401
415
424
436
459
478
498
535
568
599
641
683
723
765
819
864
910
966
978
978
978
978
978
978
978
977
978
978
978
978
978
977
978
978
978
978
978
978
978
978
978
978
978
978
977
943
882
827
768
700
646
588
526
472
430
387
346
322
295
266
253
240
226
221
224
225
226
239
250
257
277
296
307
327
352
368
386
409
427
436
457
468
471
478
487
486
485
489
483
473
473
464
449
440
431
416
402
394
379
362
356
343
325
318
308
294
281
278
278
268
259
261
256
247
252
252
250
250
259
259
258
267
272
268
280
289
290
294
304
308
309
320
324
321
332
337
335
339
347
350
348
357
359
356
365
369
366
370
378
381
380
392
398
401
419
434
446
468
497
524
555
597
637
672
721
768
810
860
915
961
978
977
977
978
977
977
977
978
978
978
978
978
978
978
978
978
978
978
978
978
978
977
978
978
978
978
959
909
850
787
724
671
611
550
502
453
403
374
343
312
285
270
252
235
231
228
220
228
237
242
253
271
286
299
323
342
355
381
401
412
429
447
458
464
477
483
481
489
491
483
480
479
470
458
452
441
422
416
403
384
371
361
345
330
321
308
291
287
278
264
258
258
251
245
248
244
239
247
248
245
249
258
259
261
273
276
277
290
296
297
308
316
319
322
333
335
335
347
350
347
359
362
363
364
374
374
373
382
385
382
394
402
407
417
436
452
470
501
531
559
604
646
684
728
781
829
875
933
977
978
978
977
978
978
978
978
978
978
978
978
978
977
978
978
978
978
978
977
978
978
978
978
978
978
977
978
978
967
898
829
771
706
638
578
578
523
466
415
378
340
304
285
263
241
231
227
220
218
228
234
241
262
276
288
312
331
348
364
390
404
416
437
451
456
472
480
482
483
490
487
478
477
468
452
447
437
419
404
393
377
358
347
333
312
305
294
278
268
263
253
242
243
239
229
234
235
230
231
238
239
239
250
255
254
266
274
275
282
293
297
301
312
316
316
328
332
332
335
344
343
344
352
354
350
361
361
358
361
368
368
368
378
382
385
402
414
426
451
478
505
537
582
623
664
717
763
806
865
916
964
978
977
978
978
977
978
979
978
978
978
978
978
978
978
977
978
978
978
978
978
978
977
978
978
977
978
978
978
937
870
807
748
683
616
562
504
442
399
358
317
287
267
244
225
219
211
202
209
215
218
228
245
258
272
295
314
328
356
375
390
410
431
445
456
474
482
485
496
498
491
490
488
478
466
461
447
428
422
407
386
376
362
346
330
322
308
293
288
278
261
261
253
244
235
238
232
226
231
231
226
233
238
238
240
250
255
256
268
275
275
287
296
297
302
312
318
319
330
335
333
343
349
348
352
360
363
361
369
371
368
377
377
381
379
384
395
402
409
427
444
459
492
524
555
595
642
683
727
781
830
876
936
977
978
978
977
978
978
978
978
978
978
977
978
978
978
978
979
978
978
978
978
978
978
978
978
978
978
978
978
968
909
846
776
720
659
595
535
485
433
385
353
321
286
269
253
235
223
222
219
217
229
239
244
266
284
297
317
343
362
378
404
424
436
457
474
480
490
501
505
504
509
508
497
496
490
473
462
454
439
421
410
395
373
364
349
330
316
307
292
278
273
263
248
249
242
233
230
232
227
224
230
230
228
238
242
243
251
260
263
266
279
284
286
300
306
307
320
326
328
331
342
344
344
354
356
353
364
368
368
368
378
377
375
385
389
387
400
413
420
434
458
481
505
542
581
617
667
715
755
804
858
908
952
977
977
978
978
978
978
978
977
978
978
978
978
978
978
977
978
978
978
978
978
977
978
978
977
978
978
944
890
827
761
704
642
577
525
469
414
372
338
303
272
253
231
211
207
199
192
196
203
209
217
237
251
265
292
311
326
354
375
391
408
432
445
454
471
480
480
491
494
491
486
487
479
467
467
464
454
436
430
420
402
388
379
364
346
339
327
307
301
292
276
267
263
254
243
244
239
231
234
234
229
231
237
239
239
248
253
253
266
273
275
282
294
298
302
315
319
318
331
334
333
337
346
346
346
355
357
355
365
367
366
373
381
385
390
406
416
425
448
468
488
522
559
595
634
682
725
769
826
877
923
976
977
978
978
978
978
978
977
978
978
978
978
978
978
978
978
978
978
978
978
978
978
978
978
977
978
978
978
943
874
814
749
678
613
556
494
431
388
345
301
276
250
222
205
197
186
178
182
186
187
204
220
231
249
274
293
312
339
360
375
402
420
431
447
464
472
475
486
486
481
486
480
469
462
455
441
425
417
401
381
374
360
341
331
318
301
285
278
264
248
244
234
219
221
217
209
206
211
209
205
213
217
213
224
231
232
236
246
251
252
264
270
269
281
289
291
297
309
314
315
326
330
329
340
345
344
349
356
358
356
365
367
366
377
384
387
398
416
431
450
481
512
540
589
635
677
727
781
831
882
941
978
978
977
978
978
978
978
978
978
977
978
978
978
978
978
978
977
978
978
978
977
978
978
977
978
978
978
977
978
942
886
820
751
693
630
562
510
455
401
356
324
289
255
237
219
197
192
189
182
182
192
200
206
225
242
254
278
299
314
334
357
374
387
409
424
431
446
456
455
460
466
463
456
456
450
437
434
426
410
399
391
377
362
354
340
321
315
303
287
277
272
262
253
252
246
238
242
240
234
236
241
239
239
248
250
250
262
264
264
272
279
281
284
294
297
298
310
315
313
325
329
330
331
341
342
342
350
355
350
361
367
369
373
386
392
400
420
436
448
477
506
533
570
615
658
697
749
798
843
901
956
978
978
978
978
978
978
978
978
978
978
978
978
977
977
978
977
978
978
978
978
978
978
977
978
978
978
978
977
913
850
780
715
656
591
527
475
421
372
339
305
272
250
235
217
204
204
201
199
212
221
229
250
269
286
304
332
352
368
395
414
425
449
464
472
479
493
497
497
504
504
494
496
492
481
469
464
452
435
428
415
395
388
377
361
349
342
330
315
313
305
292
291
287
276
273
273
269
263
268
269
264
272
276
273
277
285
286
288
296
299
298
309
314
313
313
318
326
328
327
335
337
335
345
346
344
349
358
360
363
376
384
390
412
429
446
474
508
540
578
630
675
719
777
828
876
936
977
977
978
978
978
978
977
978
978
978
978
978
978
977
978
978
977
978
978
978
977
978
978
977
978
978
978
978
978
945
883
813
747
687
622
554
502
446
391
355
319
283
258
242
226
212
211
209
205
218
229
235
250
271
289
305
331
351
365
392
411
424
441
461
470
478
491
495
492
501
498
490
486
482
470
455
448
432
412
403
388
367
356
343
326
310
303
288
274
270
261
245
247
241
234
228
233
230
226
234
236
232
243
248
250
253
263
269
270
283
289
289
302
310
311
317
328
333
335
347
353
352
365
371
372
378
389
396
401
418
430
441
468
493
516
550
592
634
675
725
772
816
875
929
974
978
978
978
978
978
978
978
978
978
978
978
978
978
978
978
978
978
978
978
978
978
978
978
978
978
978
978
978
978
936
876
809
739
739
610
610
483
483
392
345
345
291
291
264
241
218
206
206
209
210
208
221
246
262
284
302
319
346
368
382
407
427
438
451
467
475
477
488
490
484
484
488
486
474
467
463
450
436
429
416
397
390
377
358
346
336
322
306
299
287
271
268
260
247
241
241
235
230
234
231
227
236
238
235
241
250
251
254
265
269
270
284
289
289
299
305
308
311
322
324
325
337
340
337
348
351
352
354
365
368
368
381
387
389
407
420
432
449
477
502
529
572
614
651
703
753
799
851
911
965
979
977
978
978
978
977
978
978
978
978
979
978
978
979
978
978
978
978
978
978
978
977
978
978
978
978
978
978
978
978
979
978
933
857
794
724
649
583
524
462
407
367
328
291
271
249
229
221
220
218
219
233
243
254
278
297
313
340
362
380
397
421
435
445
463
473
474
485
488
486
482
483
474
461
456
445
426
417
406
386
370
359
341
321
311
297
277
269
258
242
233
229
220
209
211
208
200
205
205
201
204
212
215
216
230
237
240
255
266
270
280
294
300
306
318
325
326
341
346
347
353
364
366
367
375
377
376
385
385
387
385
395
395
395
404
404
406
406
419
427
432
450
469
487
511
547
580
617
667
711
751
810
862
913
965
978
978
978
978
978
978
978
978
978
978
978
979
979
978
978
978
978
978
978
978
977
978
979
978
978
978
978
978
978
978
911
839
763
697
626
552
493
434
374
328
294
259
229
214
198
182
184
185
185
195
214
229
247
274
296
315
347
371
389
412
437
453
466
486
494
498
511
513
508
508
507
498
487
483
470
453
445
429
408
398
382
363
345
336
320
302
295
284
266
264
257
246
239
240
235
229
235
236
230
240
246
246
251
261
267
269
281
289
291
306
315
317
326
336
342
344
356
361
359
370
374
371
373
379
380
377
384
385
379
386
387
381
382
388
387
388
397
402
407
426
442
457
482
516
549
588
640
688
734
793
848
900
960
978
978
978
978
978
978
978
978
978
978
978
979
979
977
978
978
978
978
978
978
978
978
979
978
978
978
978
978
978
978
977
978
943
874
798
718
651
580
506
447
392
340
298
269
239
213
203
192
180
186
191
194
207
227
245
262
262
289
313
331
361
386
402
422
445
459
469
485
492
491
499
499
491
486
483
471
457
450
437
418
412
397
379
367
359
343
328
323
310
296
294
285
272
270
266
259
253
257
253
247
254
256
251
261
265
267
271
284
289
293
307
317
319
334
345
350
356
368
373
374
384
390
387
396
401
398
398
403
402
398
403
403
396
401
401
395
394
398
396
392
401
405
404
419
431
440
459
488
516
549
596
642
686
746
802
856
917
977
978
978
978
978
979
978
978
978
978
978
978
979
978
978
979
978
978
978
978
978
978
979
978
978
979
978
978
978
978
978
978
979
977
978
978
978
978
971
881
798
713
632
563
491
421
372
328
284
260
240
220
210
210
209
210
223
236
244
267
288
302
321
345
364
377
399
413
419
436
445
443
447
451
447
440
441
434
419
416
406
388
376
367
350
334
325
312
292
288
276
259
249
245
233
223
223
217
208
212
210
205
208
213
213
213
221
225
226
240
247
249
263
272
278
284
299
304
308
322
329
329
343
350
352
355
367
368
366
375
378
371
378
380
374
371
373
369
361
364
361
351
353
352
345
342
342
347
348
347
360
371
379
405
431
454
489
535
582
632
692
749
803
872
936
978
978
978
978
978
977
978
979
978
978
978
978
978
978
979
977
978
978
978
978
978
978
978
978
978
978
978
979
978
978
978
978
978
978
979
907
825
741
669
593
513
452
393
340
295
266
236
209
199
190
179
187
196
202
214
236
254
270
296
320
335
363
386
400
416
437
448
454
467
473
470
476
477
468
463
460
450
434
428
414
393
384
370
347
331
320
302
285
275
262
243
238
228
213
205
204
197
189
193
190
185
193
195
193
199
208
211
215
229
236
239
254
263
267
280
290
296
302
314
319
322
334
340
338
350
354
355
356
364
364
362
369
369
363
370
372
369
367
371
370
366
372
375
372
383
393
398
413
438
462
487
530
573
614
671
723
771
826
888
945
979
978
978
979
978
978
978
978
978
978
979
978
978
978
978
978
978
978
978
978
978
978
978
979
978
977
978
978
978
978
961
894
817
736
667
594
519
456
399
345
298
265
231
200
186
170
154
158
158
161
168
189
203
219
247
271
289
321
348
369
391
418
436
449
471
484
487
487
501
509
506
505
507
501
488
484
473
452
445
429
406
389
376
358
337
324
307
285
276
265
246
235
230
220
210
211
207
200
205
206
201
204
213
216
220
233
241
245
262
270
275
287
303
311
318
334
342
348
364
372
374
385
394
396
399
410
412
410
421
424
421
428
429
428
428
435
432
430
437
441
438
452
463
474
490
519
544
574
618
659
695
747
798
846
901
963
978
978
978
978
978
978
978
978
978
978
978
979
978
978
979
978
978
978
979
978
978
979
978
978
979
978
978
979
978
978
978
978
978
978
978
892
808
719
638
564
486
415
361
311
268
243
218
196
187
186
184
187
205
217
231
260
282
301
333
360
382
403
431
449
462
483
496
498
513
518
516
512
514
504
489
483
471
448
437
423
401
383
370
351
330
319
304
284
276
266
251
241
239
231
222
224
221
213
219
221
217
220
227
230
230
240
244
243
256
263
265
272
284
288
293
305
311
312
327
334
336
343
356
360
365
379
387
392
409
421
429
448
471
492
517
555
590
624
671
712
752
805
856
904
953
978
978
979
978
978
978
978
978
978
979
978
978
978
979
978
978
979
978
978
978
979
978
978
978
977
978
978
942
875
799
728
662
589
515
453
390
329
286
244
198
165
142
116
96
89
80
72
81
89
95
111
134
154
175
207
233
255
291
319
340
366
395
414
430
451
463
468
483
487
485
486
486
477
467
463
449
431
423
407
384
371
353
332
311
298
280
259
250
236
216
213
203
192
183
184
178
170
174
174
169
178
183
183
188
199
204
207
221
229
231
245
254
256
264
275
279
280
292
297
296
307
311
310
315
323
326
327
338
342
342
355
365
370
385
406
424
447
482
517
552
605
652
696
746
804
856
909
968
978
979
978
978
978
978
977
978
978
978
978
978
978
978
978
978
978
978
978
978
978
979
978
978
978
978
978
976
891
827
752
675
609
540
465
411
360
308
266
235
201
171
155
139
122
121
122
120
127
143
157
172
199
223
243
275
304
325
352
382
404
423
448
465
475
494
505
507
512
518
514
509
508
498
482
479
465
444
428
415
395
375
364
346
325
317
301
282
271
261
247
234
233
224
212
215
212
204
208
208
207
206
214
215
214
224
228
226
238
243
246
246
249
261
263
264
274
278
276
287
294
295
298
307
311
311
322
328
327
340
349
354
366
386
403
420
451
481
511
556
603
643
690
744
794
842
901
955
979
978
978
978
978
978
978
978
977
978
979
978
978
978
978
978
978
978
978
977
978
978
978
978
978
978
924
855
794
723
651
591
527
460
411
364
319
280
255
227
200
188
174
158
159
159
160
165
181
191
201
224
242
255
282
305
323
343
368
387
400
422
437
445
461
471
472
476
483
481
474
475
469
456
453
443
426
414
405
390
374
365
350
331
325
313
296
285
279
268
256
254
247
237
239
235
228
228
232
228
225
231
230
227
235
236
232
237
241
239
239
246
245
242
252
253
250
261
264
264
266
276
279
281
293
301
303
322
337
351
369
398
423
450
490
530
565
617
665
705
750
800
845
886
935
974
978
978
978
978
978
977
978
978
977
978
978
978
978
978
978
977
978
978
977
977
916
873
822
763
709
659
602
545
500
452
406
375
341
304
279
259
235
215
206
193
180
184
181
178
186
195
201
209
228
239
249
272
286
296
320
336
347
358
376
384
390
403
410
407
407
417
420
417
413
414
408
398
397
390
373
371
363
349
339
334
323
310
307
299
285
284
278
267
261
260
253
246
246
242
234
238
237
229
229
232
230
227
232
232
228
237
237
234
236
243
243
242
250
251
248
257
259
258
263
271
275
281
296
305
313
335
352
368
395
423
449
478
519
553
588
634
669
698
741
774
804
833
867
891
909
934
949
953
966
968
963
955
949
932
910
894
871
837
814
785
748
715
685
648
609
579
544
503
478
452
423
402
387
367
346
337
323
306
302
296
285
283
286
282
281
289
293
294
308
316
319
329
343
349
356
371
379
383
399
405
406
413
422
424
423
430
429
423
428
425
417
418
415
407
400
401
392
381
380
372
358
359
352
344
335
335
327
318
319
315
305
308
307
300
297
299
295
290
294
293
287
294
295
290
291
296
294
290
295
296
291
298
300
295
298
305
306
307
319
325
328
346
361
372
391
418
440
465
465
500
531
603
603
637
664
697
732
788
821
845
863
892
908
916
928
937
935
931
932
921
904
896
877
852
835
810
782
753
731
701
667
643
613
577
555
527
497
471
458
439
421
421
414
402
385
383
377
366
360
361
357
351
357
359
356
365
371
371
378
389
394
397
411
418
419
431
438
438
443
450
452
451
457
458
452
458
455
449
444
444
437
429
428
422
410
412
404
392
387
385
376
367
366
359
348
350
344
335
334
333
327
322
327
322
318
324
323
317
325
324
321
320
327
325
322
328
328
323
333
334
333
333
341
341
341
351
358
358
374
388
397
414
439
459
482
517
548
577
619
655
682
715
753
783
809
844
870
889
917
936
946
958
969
972
968
970
962
945
938
923
898
878
860
832
803
781
751
716
693
663
628
601
576
546
517
498
478
457
449
435
418
411
403
393
385
386
379
373
379
379
373
384
387
389
393
405
409
413
426
433
435
449
457
460
466
475
477
476
483
483
477
480
478
469
463
462
454
444
442
435
422
421
415
402
396
393
384
374
372
364
353
354
349
338
335
335
330
324
327
327
324
323
323
321
315
315
320
318
322
322
320
325
325
324
320
328
328
328
337
337
339
339
359
363
379
392
405
420
447
468
490
527
558
584
624
654
680
709
746
773
798
831
857
874
902
922
933
933
944
956
959
955
958
952
936
929
916
893
874
856
831
801
780
751
717
692
664
629
601
577
546
515
497
478
456
449
436
420
411
407
398
390
389
384
376
382
380
377
380
387
388
390
401
405
407
421
427
428
436
445
448
449
459
459
456
463
461
453
456
451
444
436
436
429
419
418
412
397
400
394
384
376
376
367
358
358
354
343
345
343
336
332
335
332
326
332
331
325
331
333
327
328
334
335
332
340
340
336
345
348
343
346
353
353
353
360
361
358
367
371
370
376
387
393
401
417
429
441
466
486
504
530
561
587
611
641
662
680
711
732
748
773
794
808
821
840
847
851
862
862
854
857
849
835
821
812
793
771
759
738
710
694
672
646
620
600
575
548
531
511
490
483
474
460
452
448
440
430
430
425
415
417
416
408
408
413
413
412
420
422
420
429
435
433
438
446
448
449
457
457
453
461
460
454
454
455
457
452
445
447
442
431
432
425
414
409
405
397
389
390
382
371
373
367
359
360
358
352
347
351
346
341
347
343
336
343
343
339
338
344
341
338
344
344
338
346
348
345
344
350
349
346
352
352
347
354
356
353
355
361
362
361
370
374
373
386
394
399
412
428
444
458
483
503
521
552
578
596
618
643
659
676
700
717
729
751
765
772
783
795
798
799
804
801
792
793
784
769
759
749
733
716
706
686
664
654
634
610
595
575
553
532
519
502
487
485
477
463
465
460
453
447
450
445
439
443
442
435
442
444
442
443
448
449
446
455
456
453
461
464
461
462
467
466
461
466
465
457
461
459
450
446
446
439
430
430
423
414
417
413
404
401
401
394
388
388
384
375
379
375
368
368
370
366
363
369
366
363
370
369
364
369
372
371
370
376
374
370
378
376
371
378
377
375
373
379
376
372
379
379
371
380
381
379
380
387
387
386
395
400
400
413
423
428
440
459
473
486
511
532
548
579
604
621
642
665
681
695
717
732
743
763
776
782
792
803
807
806
811
807
799
800
792
778
768
760
745
728
718
700
679
679
668
649
625
608
594
572
552
540
520
503
501
493
483
483
480
475
472
476
474
471
479
479
474
483
484
482
484
493
494
492
502
504
498
508
510
508
506
509
508
502
506
504
494
498
496
487
482
481
475
465
466
460
449
449
444
432
427
425
419
411
411
407
399
403
401
392
392
394
390
387
390
388
382
389
390
385
387
392
390
390
396
395
392
400
401
397
401
406
404
404
410
408
404
411
410
405
410
410
406
405
410
406
402
407
406
399
407
408
407
408
418
420
423
437
447
452
472
490
504
523
550
574
595
626
648
664
693
717
734
756
782
799
813
837
851
858
874
883
883
886
890
885
877
875
865
850
843
830
809
793
778
756
732
716
692
666
650
627
602
582
566
543
522
512
501
489
490
487
479
480
482
481
480
488
486
486
496
498
497
508
512
514
516
525
527
525
533
535
529
536
536
531
527
531
524
516
518
513
500
501
496
485
477
475
466
454
453
446
433
432
427
415
410
408
402
393
395
391
383
388
386
378
379
382
379
378
383
383
378
384
385
381
383
387
386
384
391
391
387
396
396
392
394
399
397
396
396
403
401
398
406
405
400
403
405
402
400
405
401
399
406
405
399
406
406
403
402
409
406
405
413
417
416
429
441
450
462
483
500
516
545
570
590
622
647
666
689
717
739
759
787
808
822
847
863
870
881
893
896
895
898
894
882
879
869
849
834
822
802
780
765
744
716
700
678
651
629
611
586
562
546
525
505
501
490
478
474
472
466
461
464
460
456
462
462
458
465
469
469
470
480
482
483
494
499
495
506
509
508
507
514
511
506
510
508
498
501
498
489
483
482
476
466
465
458
446
444
439
428
423
421
414
404
405
400
389
391
387
379
377
378
373
367
371
369
363
369
369
363
363
369
368
367
373
373
369
379
381
378
381
388
387
386
393
394
391
401
403
400
404
408
407
405
411
408
404
411
409
404
410
409
406
403
409
404
399
404
403
396
403
403
400
401
409
409
410
422
430
433
452
468
480
499
524
546
568
601
627
644
673
698
715
737
763
781
797
820
835
843
860
870
870
873
878
874
866
864
853
837
831
817
797
781
768
748
725
710
688
661
647
623
597
576
559
535
513
504
490
477
477
471
462
462
462
462
457
454
458
455
452
460
460
458
467
470
470
473
482
483
483
492
495
490
499
501
497
494
499
495
488
490
487
476
477
474
464
457
457
448
437
437
431
419
419
415
404
399
399
392
383
385
380
371
374
372
365
364
368
365
362
367
367
361
369
371
367
369
374
374
374
380
380
378
386
387
384
387
392
392
390
397
396
393
401
400
395
399
401
398
396
402
399
395
402
401
395
403
402
400
398
405
402
398
403
402
395
401
402
397
397
402
401
399
407
411
410
423
433
439
452
472
488
505
532
556
576
608
631
648
672
698
718
736
763
782
795
818
833
840
850
863
865
865
869
864
853
852
842
825
812
802
784
765
752
732
708
695
673
647
627
610
586
563
549
528
509
504
495
483
482
480
473
468
472
467
463
468
467
460
468
468
466
465
473
473
470
478
480
475
483
487
485
485
491
490
486
490
489
480
482
481
472
467
466
460
451
451
445
434
435
429
418
413
412
404
397
397
393
383
385
383
373
371
372
368
364
367
365
359
366
366
361
362
367
365
364
372
372
369
378
379
376
381
386
385
385
393
393
390
390
400
401
398
404
406
405
403
409
406
402
409
406
398
405
403
399
398
402
399
394
399
398
390
397
397
392
391
395
393
389
393
394
389
397
400
399
404
413
418
422
440
452
461
485
504
520
543
570
595
616
644
665
681
709
731
746
766
788
802
815
833
843
845
859
861
857
856
856
847
836
831
817
799
792
776
754
739
725
704
683
669
647
624
612
591
568
555
537
517
502
499
489
482
485
482
473
479
479
475
473
479
477
474
480
482
477
485
489
487
488
495
496
492
501
502
497
503
504
498
497
500
495
489
490
487
477
478
475
464
461
459
452
443
443
437
426
428
422
413
409
408
401
395
397
393
384
388
386
378
377
380
376
372
377
374
370
376
375
370
372
376
372
371
378
376
373
382
383
378
388
389
388
388
396
395
393
400
402
396
404
406
404
404
411
409
406
412
412
405
411
412
408
407
410
408
402
407
405
398
403
402
395
394
397
393
388
393
392
388
396
400
399
406
418
425
434
452
466
479
506
530
550
579
614
639
661
691
712
730
759
779
794
813
834
846
856
870
876
877
886
884
876
874
867
854
841
841
834
818
799
790
772
748
737
717
696
675
661
639
615
602
582
558
548
532
517
508
507
501
494
498
497
491
496
497
492
493
498
498
495
502
504
499
507
509
505
506
511
509
506
511
510
503
509
508
501
500
503
497
490
490
483
472
473
467
457
451
449
440
432
432
425
414
417
411
400
397
395
388
382
384
378
371
375
372
365
368
369
364
361
367
363
359
367
366
361
370
371
370
370
378
378
375
382
384
379
388
391
390
390
396
396
393
399
400
393
400
402
398
398
403
402
398
405
405
399
405
406
400
400
404
401
397
402
400
394
398
398
391
389
393
389
387
392
390
385
392
393
390
395
403
407
412
425
434
443
466
482
496
521
550
573
600
632
655
674
705
728
747
775
801
820
840
864
878
889
907
915
914
924
924
919
912
909
897
880
871
856
832
821
804
781
759
743
721
695
680
659
632
618
599
573
554
540
521
503
500
492
483
486
484
476
477
480
479
478
484
486
483
492
496
493
496
504
505
506
513
515
511
520
520
516
518
521
517
511
514
508
499
500
494
483
479
476
466
458
457
448
437
438
431
419
418
418
413
403
396
397
389
381
383
379
369
374
371
366
363
368
364
360
366
366
358
366
369
365
364
370
369
366
374
374
369
377
379
376
378
383
382
379
387
389
385
394
396
393
395
402
401
400
406
406
402
409
410
403
403
407
405
402
406
405
399
406
406
401
403
408
406
405
411
411
409
421
426
429
441
456
469
485
511
531
552
586
611
630
660
685
708
732
765
788
809
839
862
876
901
917
925
933
945
945
941
943
936
921
916
905
886
870
856
837
814
800
778
751
736
714
687
664
645
620
593
577
555
530
518
505
490
484
484
478
473
477
475
469
477
479
475
478
486
486
488
498
500
499
511
513
512
516
522
522
520
525
522
516
521
517
509
508
506
496
488
487
477
466
466
457
444
443
436
425
415
414
404
392
392
386
373
375
371
364
359
361
356
349
353
351
342
349
350
345
345
349
348
345
352
355
350
359
359
363
360
363
369
371
368
377
373
382
385
381
384
390
391
390
397
398
394
402
403
399
399
404
400
397
402
400
395
401
398
392
393
395
391
391
388
392
391
388
398
401
403
428
428
439
452
477
516
516
550
577
601
638
665
691
717
752
778
802
836
864
882
913
936
952
965
977
978
978
977
978
978
978
971
953
938
924
904
880
864
841
811
792
770
737
712
691
662
632
611
585
555
538
517
493
482
476
467
457
456
451
441
445
444
437
438
444
443
443
451
453
453
465
469
470
477
486
488
490
500
502
501
510
510
505
508
506
499
493
493
485
475
475
468
453
453
445
435
425
423
413
402
400
393
379
380
376
366
360
359
352
344
347
344
334
339
339
332
333
336
336
333
340
341
338
347
352
349
353
361
362
363
372
375
373
382
386
383
387
394
395
394
402
403
400
407
409
405
407
412
408
405
410
407
401
408
406
401
403
407
404
402
409
410
409
423
429
435
453
470
485
506
536
561
587
622
650
672
710
742
770
801
839
868
893
927
953
969
978
978
978
978
978
978
978
978
978
978
978
978
955
933
915
889
858
858
836
808
773
750
721
687
657
633
603
573
551
525
496
482
468
452
443
441
434
427
430
428
422
431
433
431
436
446
449
453
465
468
471
484
490
491
500
507
508
508
516
513
510
515
512
504
505
501
492
483
483
472
460
457
448
431
430
422
409
399
396
386
374
372
364
350
350
346
336
332
332
327
319
323
323
316
322
323
319
321
328
329
329
338
342
341
350
355
353
356
364
364
364
371
372
369
378
380
377
379
385
384
383
389
389
384
391
392
388
390
395
393
391
398
397
396
407
412
415
430
444
455
472
498
520
542
579
610
634
673
705
734
764
804
835
863
901
932
952
977
978
978
978
977
978
979
978
978
978
978
978
978
978
962
936
905
884
854
818
793
762
724
692
665
631
597
572
542
510
494
477
456
445
439
428
418
417
412
402
407
406
402
404
411
411
413
423
428
429
443
448
450
459
468
471
473
483
483
480
488
487
480
484
482
474
467
466
458
447
445
436
420
418
409
396
384
382
370
358
355
349
334
333
330
321
316
318
312
305
309
308
301
306
307
302
303
309
310
308
316
318
315
324
328
325
328
328
337
339
340
349
352
350
360
363
361
365
371
370
370
376
375
371
379
379
374
375
380
377
375
382
381
379
390
393
394
405
416
426
438
462
481
500
534
564
590
631
663
695
728
770
805
839
882
919
946
977
978
978
978
978
978
978
978
978
979
978
977
978
979
978
978
978
978
978
979
953
921
882
847
815
777
735
704
667
625
596
562
524
493
471
449
429
420
408
393
393
388
379
378
384
382
382
392
396
398
412
419
422
432
443
447
451
463
467
468
479
481
477
482
482
477
472
473
466
454
453
444
428
427
419
407
395
393
381
368
364
357
342
341
337
325
318
318
312
304
305
302
294
298
299
294
294
300
300
298
306
309
306
317
322
321
326
335
338
340
349
353
351
360
364
360
363
369
369
369
375
375
372
381
381
377
379
383
382
380
386
385
383
393
396
397
407
419
427
439
462
480
499
535
566
595
637
671
703
739
783
820
855
901
939
967
978
978
978
978
978
978
979
978
978
978
978
978
978
978
978
979
979
978
978
979
978
960
920
884
851
810
767
732
692
648
615
579
537
505
481
455
433
422
408
391
391
388
382
373
370
374
372
373
382
386
387
401
408
413
423
436
443
449
463
469
471
483
486
483
488
489
484
479
480
472
460
459
450
433
432
422
408
396
391
378
364
360
351
334
332
327
315
307
306
300
292
293
291
282
286
286
281
280
285
284
282
290
292
290
298
303
302
306
316
320
321
332
336
335
347
353
351
356
365
366
365
372
373
370
380
380
377
379
384
382
380
387
387
386
396
400
402
413
428
439
453
478
498
520
557
589
617
656
692
724
759
803
840
874
918
954
977
978
978
978
978
978
978
979
978
978
978
978
978
978
978
978
978
979
977
939
898
867
831
787
747
711
671
627
594
556
514
486
458
429
410
397
382
368
363
356
345
349
350
346
349
359
362
366
379
386
390
406
415
421
433
446
452
455
468
469
468
477
476
471
473
471
464
455
454
444
430
429
418
401
398
387
374
361
357
345
332
329
321
306
306
302
293
287
288
285
279
284
283
277
284
288
284
286
293
295
293
303
306
304
314
320
319
324
332
334
334
343
346
343
352
355
351
352
358
356
355
361
361
356
364
365
361
363
369
368
367
367
375
376
374
385
391
394
405
421
434
449
476
498
522
560
594
623
662
699
732
768
814
851
887
931
966
978
978
978
978
979
977
978
978
977
978
978
978
978
978
978
978
978
979
978
978
958
930
894
852
813
778
737
691
656
617
572
542
508
472
449
432
412
393
385
374
359
360
356
348
348
355
355
357
368
375
377
394
402
406
416
430
437
443
457
462
463
475
477
474
478
478
473
466
466
457
445
443
433
417
413
402
388
374
369
357
342
339
330
314
313
307
298
291
292
288
280
283
282
274
281
283
280
281
287
288
288
297
301
299
310
317
317
323
332
335
336
346
349
348
358
363
362
365
374
374
372
378
378
372
379
378
372
372
376
373
369
374
372
365
373
372
368
372
379
382
387
403
415
428
456
479
504
541
578
615
652
699
738
776
825
867
902
951
978
978
978
977
978
978
978
978
978
978
978
978
978
978
978
979
978
978
978
978
978
978
978
978
952
907
869
825
774
735
691
641
598
560
519
477
450
424
395
383
369
351
342
340
333
328
332
334
330
343
350
354
364
379
387
394
411
419
424
440
446
448
448
456
463
464
462
468
465
456
459
453
440
437
429
416
403
399
385
371
365
354
336
332
323
310
299
296
286
275
275
270
259
262
262
255
253
258
259
255
264
267
264
275
282
282
288
298
303
306
317
323
324
335
341
340
345
353
355
355
364
366
363
373
376
373
375
381
379
377
382
381
375
383
381
375
375
379
377
375
381
382
381
395
403
410
429
449
468
492
527
559
592
635
670
701
746
784
821
859
904
940
971
978
978
978
978
978
978
979
978
978
979
978
978
979
978
978
978
979
978
978
949
919
882
837
803
763
715
674
638
595
552
520
484
448
430
411
387
373
365
353
344
343
340
334
342
345
345
353
366
373
381
397
406
413
431
440
445
456
466
470
472
481
480
475
481
478
468
467
462
452
442
440
428
416
412
403
386
383
374
362
350
347
335
321
319
312
299
299
297
288
284
286
283
278
283
283
278
287
291
289
293
300
304
305
315
319
318
330
337
337
342
352
355
358
367
372
371
382
387
385
389
395
395
394
399
399
393
400
398
390
389
391
386
382
387
384
378
386
386
383
389
396
400
407
426
439
454
454
485
511
537
577
616
652
689
733
771
808
855
895
928
972
978
978
978
977
978
979
977
978
978
978
978
978
978
978
978
979
978
978
978
978
978
936
899
864
822
777
741
700
651
616
578
531
495
467
438
413
399
383
363
360
352
341
338
342
341
340
350
356
358
372
382
385
396
411
417
424
438
445
447
461
465
464
470
473
470
467
469
462
452
452
444
428
425
416
403
389
385
372
356
351
341
324
322
315
304
295
293
286
276
278
275
266
271
273
268
270
277
278
277
286
290
288
298
304
303
309
319
322
324
336
340
340
351
357
354
358
366
365
365
370
370
365
372
371
366
366
371
368
365
370
368
363
371
370
366
371
378
380
383
398
405
412
434
452
467
497
528
558
592
634
668
703
748
787
822
871
912
949
977
978
978
979
978
978
978
978
978
978
978
978
978
979
978
978
978
978
978
978
979
977
931
887
852
811
764
728
687
639
598
562
523
483
457
431
403
389
374
356
345
341
332
326
329
328
324
335
339
340
348
361
368
375
390
399
404
421
429
432
441
450
452
453
459
458
451
456
451
441
442
435
425
414
414
412
400
386
383
372
355
352
344
331
320
317
306
294
293
287
275
276
273
265
261
264
262
257
265
266
262
271
276
274
279
289
293
294
306
312
311
325
332
331
337
346
350
352
362
366
364
375
378
374
377
382
381
379
384
382
377
383
381
375
374
377
372
367
370
366
361
368
369
367
374
383
387
398
419
434
452
485
514
542
588
630
668
709
758
799
837
886
929
962
978
978
978
978
978
978
979
977
978
978
978
978
978
978
978
978
978
978
978
979
978
978
978
936
899
855
807
768
722
672
634
593
545
506
477
446
419
403
386
366
361
352
340
336
339
336
335
344
347
350
363
371
375
386
400
406
412
427
433
435
449
452
451
459
461
458
454
457
451
441
441
432
417
416
408
395
383
379
364
350
346
337
321
319
313
302
296
294
290
283
286
285
277
282
285
280
280
286
286
283
291
294
291
302
308
307
314
324
328
330
342
347
346
358
364
364
369
376
378
378
385
386
381
391
391
391
387
388
392
389
386
390
388
389
387
387
381
382
386
382
381
389
390
390
404
411
418
438
457
501
537
569
604
648
687
719
719
766
807
846
884
930
965
978
978
978
978
978
978
978
978
978
978
979
978
978
978
978
978
978
978
978
978
952
921
880
833
796
754
705
661
623
578
535
499
464
429
410
389
364
349
340
326
315
314
309
302
311
315
315
324
337
345
354
371
382
390
410
421
427
441
453
458
462
474
475
472
479
478
469
472
467
457
447
445
433
420
416
406
388
386
378
365
355
351
340
328
326
320
305
305
302
293
289
290
288
283
290
292
287
296
299
298
302
311
314
315
325
329
328
338
344
342
347
356
358
360
369
372
370
380
383
380
383
389
386
384
390
390
386
393
393
388
390
396
393
393
401
403
405
421
432
442
464
488
512
540
579
614
648
693
731
766
815
858
899
940
977
978
979
978
978
978
978
978
978
979
978
978
979
978
978
979
978
978
978
978
978
978
979
978
978
978
961
914
857
804
754
699
641
596
547
495
461
461
430
395
373
358
340
324
320
314
304
310
313
311
319
340
340
349
367
387
387
422
422
443
443
459
465
472
484
488
486
495
494
486
487
483
474
463
459
446
431
426
414
396
391
380
365
352
348
335
322
318
310
297
296
292
284
278
280
276
270
277
277
272
280
285
285
289
299
302
304
315
322
322
334
341
340
346
355
357
357
367
369
366
375
379
375
377
383
383
382
388
387
382
390
391
386
389
394
392
392
399
401
401
414
421
426
441
462
480
502
538
569
602
647
684
719
765
809
851
893
944
977
978
978
978
978
978
978
978
978
978
979
979
978
978
979
978
978
978
978
978
978
978
978
978
978
978
978
934
884
836
783
725
678
627
570
528
483
439
406
382
357
333
323
310
296
296
295
289
293
302
307
313
328
338
344
362
375
382
394
409
416
422
435
440
442
452
453
449
450
452
446
438
437
429
416
415
405
391
386
378
364
351
347
333
320
317
308
291
292
285
276
267
268
262
254
257
256
247
254
258
256
258
267
269
270
282
289
289
301
309
310
316
325
330
330
340
343
341
350
354
352
354
361
359
356
362
362
362
357
363
365
359
358
364
362
360
365
365
361
371
376
379
389
405
417
432
459
482
508
549
586
623
667
712
751
793
842
883
919
966
978
978
978
978
978
978
978
978
979
978
978
979
978
978
978
979
977
978
978
978
978
978
936
894
845
796
753
703
651
609
563
511
475
439
403
376
358
337
316
307
297
282
284
284
280
285
295
303
310
327
341
350
372
389
400
416
436
449
460
475
485
487
501
505
501
502
504
498
491
489
480
467
464
451
435
424
415
399
384
378
363
348
344
333
319
313
306
296
288
289
281
273
277
274
266
272
272
269
269
277
278
277
286
291
289
301
308
311
315
325
329
331
342
347
346
355
361
360
362
368
369
366
373
375
370
377
379
374
376
382
382
381
389
392
390
401
409
412
425
443
458
476
506
534
561
605
643
676
716
762
803
845
894
937
973
977
978
979
978
978
978
978
978
978
978
978
978
979
978
978
978
978
978
978
979
978
978
978
978
940
891
841
797
745
691
647
599
546
509
471
434
404
382
359
336
325
313
296
295
294
287
289
298
303
307
323
334
341
360
374
383
396
414
414
425
433
449
458
460
472
476
471
471
474
467
458
457
449
434
431
422
405
395
387
373
358
353
340
325
321
311
298
291
289
280
272
275
269
263
267
265
259
263
264
263
262
270
270
269
280
283
281
295
301
303
308
321
324
327
339
346
344
355
362
362
364
372
372
368
375
377
370
376
379
374
375
379
379
376
383
383
379
387
392
392
400
414
426
438
465
490
514
553
593
627
667
714
756
800
852
901
944
978
978
978
978
978
978
979
978
978
978
978
978
978
978
978
978
979
978
978
979
978
978
979
978
978
978
979
978
952
896
848
794
733
687
635
580
530
490
448
410
388
364
338
328
316
303
295
297
296
293
303
310
312
329
341
349
362
380
391
401
419
430
435
450
459
460
464
472
471
467
469
465
453
452
446
431
420
416
402
388
380
368
350
345
333
317
306
300
288
276
272
263
252
255
251
242
242
246
243
242
250
251
249
260
264
264
273
280
283
287
298
301
304
317
321
321
334
339
341
344
354
357
356
364
366
363
371
376
373
374
379
379
375
381
383
377
383
388
386
391
400
408
415
434
453
469
502
534
534
563
603
647
686
724
775
821
862
915
962
978
978
978
978
978
978
978
979
978
978
978
978
978
978
979
978
978
979
978
978
978
978
978
978
964
922
869
813
767
714
657
609
563
511
464
430
394
361
343
321
298
291
280
269
263
269
269
270
282
292
296
314
329
341
354
375
388
400
420
434
440
456
469
471
476
483
483
476
479
475
462
460
452
436
426
418
404
388
381
368
351
345
335
319
309
304
294
284
283
276
265
268
266
258
256
261
258
257
263
264
262
273
276
276
282
291
294
298
310
314
316
329
333
333
340
347
347
349
358
359
359
369
371
368
376
377
376
375
383
383
379
387
388
382
391
394
393
397
411
418
426
448
466
484
518
552
584
621
664
703
743
794
841
884
940
978
978
978
978
978
979
978
978
978
978
978
978
978
978
978
979
978
978
978
978
978
978
979
978
978
979
978
923
863
815
758
698
643
594
540
486
448
408
370
347
321
296
282
272
260
251
253
251
250
263
271
276
295
310
322
337
360
374
386
407
421
425
445
456
462
465
476
475
471
475
472
460
459
453
440
429
424
411
395
389
376
376
357
351
341
325
314
309
299
286
284
278
266
267
264
255
254
258
257
255
262
263
259
269
273
273
277
287
290
293
303
307
306
319
323
323
327
334
335
335
343
344
342
349
349
345
347
350
348
346
352
351
348
358
362
362
375
384
392
404
427
445
464
498
530
559
608
650
690
732
785
831
875
929
975
978
978
978
978
978
978
978
979
978
978
979
978
978
978
979
978
978
979
978
978
979
978
978
978
978
978
957
902
853
798
735
685
631
572
521
476
430
391
364
336
308
296
281
264
258
259
256
256
268
276
281
300
314
325
343
362
375
387
407
418
426
445
453
457
469
476
476
476
484
481
475
478
474
461
462
454
443
430
426
412
395
389
377
358
352
343
328
317
312
303
291
290
286
275
278
277
271
269
274
274
270
278
280
277
286
291
288
292
301
303
304
314
319
319
330
336
335
339
349
350
351
359
361
358
367
368
364
367
373
372
370
377
378
375
384
388
389
399
412
423
436
461
482
505
543
579
614
661
706
747
790
844
890
934
978
978
978
978
978
978
979
978
978
979
978
978
978
978
978
978
979
978
978
978
979
978
978
979
978
978
978
979
977
913
852
802
745
682
633
579
521
471
432
393
357
336
313
288
279
269
256
253
257
259
262
274
285
291
312
327
339
356
378
391
404
424
436
443
461
469
472
478
484
483
479
482
475
465
465
455
439
432
422
406
392
386
370
354
349
335
317
315
305
292
281
279
270
260
260
257
248
253
254
251
250
258
258
258
268
272
271
281
289
290
296
306
310
311
324
329
328
339
344
344
349
357
359
358
366
369
366
374
377
373
375
382
382
381
388
390
387
398
405
407
418
436
449
467
497
525
553
600
639
676
720
769
814
861
915
961
979
978
978
978
978
978
978
979
978
978
979
978
978
978
978
978
978
979
977
978
979
978
978
978
978
943
887
829
778
721
661
612
560
503
461
422
382
351
330
306
284
274
262
248
251
251
248
254
266
276
286
307
324
336
361
381
394
412
433
447
459
475
485
486
499
503
498
498
500
493
485
483
483
457
453
440
422
409
399
382
366
358
342
325
320
309
293
287
282
271
264
265
259
251
255
252
244
252
253
252
253
262
264
265
278
284
283
295
295
304
307
312
324
328
329
340
345
343
354
359
357
360
367
368
364
371
371
366
372
373
369
370
375
375
372
381
385
384
398
409
416
434
459
480
506
544
581
618
669
714
755
804
858
905
952
978
978
979
978
978
978
978
978
978
979
977
978
978
978
978
978
978
978
978
979
978
978
979
978
978
978
977
917
859
800
750
692
633
585
533
478
441
405
371
342
325
304
284
278
271
259
263
265
265
272
284
295
304
323
339
348
370
388
399
413
432
441
447
462
469
468
478
480
474
472
472
464
453
449
439
422
417
407
389
377
370
356
341
334
322
306
303
293
279
272
269
258
250
251
245
238
244
242
237
241
247
246
247
258
260
259
272
276
275
287
292
295
299
309
312
313
324
329
328
341
347
348
351
361
362
361
370
372
367
377
381
380
383
392
395
398
411
421
428
450
471
487
514
550
585
621
669
711
749
800
849
890
939
978
978
979
978
978
978
978
978
978
978
978
978
979
978
978
978
978
978
978
978
978
978
979
978
978
979
978
923
863
809
756
695
636
587
531
475
437
398
359
335
311
288
268
261
249
239
241
241
241
238
252
263
272
285
307
321
335
357
375
384
406
423
431
441
455
463
465
475
477
472
477
477
467
461
458
447
432
427
415
397
391
379
360
348
340
326
312
305
295
279
278
271
259
255
256
252
246
251
250
246
254
256
254
259
268
270
272
282
284
286
298
302
302
309
318
320
322
332
334
333
344
345
343
351
354
353
353
362
362
361
371
374
371
383
389
393
399
415
425
435
459
482
501
538
575
609
648
694
734
774
826
873
914
966
978
978
978
978
978
979
978
978
978
978
978
978
979
978
978
979
978
978
979
978
978
978
978
978
962
907
858
803
742
694
639
580
529
485
439
399
373
342
314
299
281
262
254
250
243
239
246
249
252
269
280
289
309
327
341
357
380
394
406
426
438
443
460
469
473
475
483
482
476
479
475
462
460
454
440
429
423
409
392
384
371
352
346
334
318
307
301
291
278
278
278
263
266
267
260
260
267
267
268
275
279
279
276
287
291
290
296
304
306
307
317
320
318
330
334
332
337
345
347
349
357
359
358
367
369
368
373
380
381
384
396
402
407
425
440
453
480
507
535
569
614
652
690
739
783
824
880
929
972
979
978
979
979
978
978
978
978
978
978
978
978
978
979
978
978
979
978
978
979
978
978
978
978
978
978
936
886
830
766
707
654
596
538
490
444
399
372
343
312
291
279
263
249
248
245
239
250
256
261
274
294
307
323
346
363
375
399
415
424
441
456
463
468
480
483
481
489
486
479
479
472
463
452
447
434
418
412
399
381
375
363
347
332
327
312
296
291
283
268
268
265
258
255
259
258
254
260
263
258
267
271
269
273
280
282
282
292
296
293
303
307
305
309
317
319
318
328
330
329
339
343
342
346
354
356
360
371
377
380
399
412
422
442
469
493
521
561
599
636
685
728
770
821
874
922
969
978
978
979
978
978
978
978
978
979
979
978
978
979
978
978
978
978
978
978
978
978
978
978
978
978
978
948
893
832
770
717
658
597
547
496
443
411
378
344
319
303
303
285
267
264
258
249
256
262
263
273
290
301
313
334
351
362
386
403
414
429
448
458
466
480
485
483
493
493
486
483
483
474
464
460
448
432
427
414
396
385
376
361
346
339
326
311
308
298
285
283
277
269
261
263
257
251
256
254
248
256
259
259
260
270
272
273
283
287
285
296
303
303
305
314
317
317
327
331
330
339
346
345
350
360
364
366
380
389
393
412
429
443
465
495
523
554
596
635
670
718
764
806
854
908
955
979
978
978
978
978
978
979
978
978
979
978
978
978
979
978
978
978
978
978
978
979
978
978
978
978
978
943
892
838
777
716
665
606
549
504
457
412
385
356
327
303
292
276
261
259
256
249
258
266
270
278
295
307
320
341
357
367
390
407
417
431
448
457
462
474
481
478
486
486
478
473
471
463
449
445
434
416
410
400
382
370
363
349
334
328
317
302
299
292
278
271
271
264
258
261
258
252
259
259
255
258
264
264
265
274
276
276
287
289
288
295
300
301
304
314
316
317
328
332
329
343
348
352
356
370
376
381
397
409
417
441
464
485
510
547
583
618
664
706
741
792
840
840
883
932
977
978
979
978
978
978
978
978
979
978
978
978
979
978
978
978
978
978
978
979
978
978
978
978
978
979
977
930
868
809
753
692
630
576
520
461
421
381
342
314
294
270
250
244
234
225
231
233
235
248
262
272
286
310
326
341
366
384
395
418
433
444
454
471
478
480
490
493
486
490
488
478
468
464
452
435
428
416
396
388
377
360
346
338
326
311
308
300
286
286
281
272
268
270
267
262
268
269
264
272
275
271
275
282
284
284
292
294
293
303
308
307
312
321
323
325
335
339
338
351
355
355
362
372
376
382
397
407
417
441
459
478
508
542
575
613
661
700
738
790
836
879
934
977
978
979
978
978
978
978
978
979
979
978
978
978
978
978
979
978
978
979
978
978
978
979
978
978
979
978
978
977
913
854
788
727
670
609
546
497
448
401
370
341
308
287
274
259
245
244
242
237
250
259
265
279
298
313
328
351
368
381
404
421
430
444
460
469
475
487
490
487
494
490
481
476
471
458
444
437
422
404
396
381
362
353
341
324
309
303
289
275
271
263
250
251
248
241
238
244
242
239
246
246
249
246
255
261
262
265
275
279
279
290
295
293
303
309
309
315
323
326
326
335
339
336
345
349
347
351
359
361
364
377
384
389
409
426
439
463
494
524
559
605
647
684
736
785
830
882
937
978
979
978
978
978
978
978
979
979
978
978
978
978
978
979
977
978
979
979
978
979
978
978
978
979
978
978
978
978
957
894
830
774
709
645
590
533
472
430
392
355
325
305
284
264
258
251
239
245
249
249
257
273
285
295
317
334
346
370
389
399
415
433
445
452
466
471
469
477
479
472
468
467
458
446
440
428
410
404
390
370
357
347
330
313
306
292
276
271
262
248
241
238
231
225
228
226
221
228
229
228
237
243
245
248
260
263
265
278
283
282
295
301
304
308
319
322
322
333
337
335
345
350
350
352
359
361
359
368
371
368
379
385
388
395
412
425
439
468
494
520
563
604
642
685
734
778
822
878
927
969
978
978
978
979
978
978
979
978
978
979
978
978
979
978
978
978
979
978
978
979
978
978
979
979
978
978
957
906
845
780
727
666
602
547
493
441
395
363
328
295
278
258
236
232
224
218
216
226
226
232
237
255
270
280
305
328
344
363
388
405
419
441
455
461
477
486
486
488
494
492
485
486
479
465
461
452
434
422
412
397
378
370
355
335
327
317
299
287
282
271
261
259
254
244
248
248
243
244
250
250
251
260
264
263
275
278
278
285
294
297
301
312
316
316
328
332
333
341
346
348
350
360
361
360
370
372
368
377
379
377
377
385
388
388
401
411
417
440
462
481
508
546
581
619
668
713
752
805
856
901
951
978
978
979
978
978
979
978
978
978
979
978
978
979
978
978
979
978
978
978
978
978
978
979
978
978
979
961
905
841
781
726
664
604
552
495
438
400
361
323
296
276
254
236
231
222
214
222
224
227
240
256
268
283
308
326
341
368
387
400
422
439
450
460
476
481
483
491
492
485
490
488
479
469
466
453
436
429
416
396
386
373
353
337
326
311
294
288
278
263
260
254
243
240
240
237
232
239
241
237
247
252
251
258
268
272
275
286
291
292
305
311
311
317
326
328
329
338
340
337
347
349
346
349
355
355
355
362
362
359
369
371
369
376
383
386
393
409
422
435
464
489
514
555
594
594
632
673
724
769
815
872
922
967
978
978
979
979
977
978
979
978
979
978
978
978
978
979
978
978
979
978
978
978
978
978
978
979
978
978
978
978
915
849
795
734
668
610
558
502
447
408
371
333
313
292
269
256
251
243
239
246
250
251
269
281
290
307
328
342
357
379
393
405
426
439
446
459
471
473
473
480
477
469
472
464
451
447
436
421
406
397
380
362
354
338
318
312
301
286
274
271
260
247
246
241
230
233
234
230
229
236
237
236
246
250
249
259
267
267
273
283
289
290
302
308
307
320
325
323
328
336
338
339
348
352
349
359
362
360
363
370
370
371
378
381
378
391
397
401
413
432
447
467
498
529
560
609
651
691
741
794
844
894
954
978
978
978
978
978
978
978
978
979
978
978
979
978
978
979
978
978
978
979
978
978
978
978
978
979
978
978
978
979
978
923
852
792
726
655
598
540
476
426
387
349
312
293
272
249
243
236
228
229
238
243
249
267
282
292
316
336
349
367
389
405
416
435
446
450
463
469
466
468
473
468
460
460
452
439
435
423
407
396
384
367
350
342
327
309
304
292
292
276
271
264
254
246
248
242
236
241
241
234
243
244
243
244
253
253
254
266
272
271
284
293
296
302
315
320
323
335
341
341
351
356
356
359
368
369
367
375
376
371
378
379
375
376
382
382
381
391
395
397
413
426
435
455
481
506
536
578
618
655
705
749
792
842
896
944
978
978
978
979
978
978
979
978
978
978
978
978
978
978
978
978
979
979
978
978
979
978
978
979
978
978
978
978
938
874
808
750
685
619
565
508
447
406
369
331
302
282
263
245
242
238
231
240
248
253
264
284
300
314
340
359
373
399
419
430
446
464
474
481
493
498
497
504
505
497
493
491
481
468
462
450
431
423
410
390
375
366
348
332
323
308
291
286
274
261
254
251
243
236
238
235
230
238
239
237
245
250
251
255
266
269
271
283
288
288
301
307
310
313
324
327
328
338
343
339
349
355
355
356
362
362
358
366
367
367
363
370
374
374
390
397
405
427
446
463
495
529
561
603
652
694
736
792
842
889
947
978
978
978
978
978
979
978
978
979
978
978
978
978
978
978
978
978
978
979
978
978
978
978
979
978
979
979
978
978
979
977
905
836
774
710
644
580
527
469
416
381
345
309
291
272
253
240
240
236
232
242
250
254
272
290
303
318
341
358
371
395
412
421
441
454
460
467
478
481
479
485
482
472
471
464
450
440
432
419
401
394
379
360
351
339
320
307
299
285
272
267
258
245
246
240
231
228
231
228
226
232
234
232
242
246
245
252
262
265
268
280
285
286
299
305
306
316
322
325
327
337
339
338
348
349
345
354
358
357
358
368
369
368
378
384
385
402
417
429
446
474
501
529
573
616
653
705
754
799
852
909
963
979
978
978
979
978
978
979
978
978
978
979
978
978
979
978
978
978
979
978
978
979
978
979
979
978
978
978
979
978
978
958
899
832
761
701
636
568
510
457
404
360
330
298
269
257
240
224
223
221
221
224
238
247
258
281
299
311
337
357
372
387
409
422
430
446
455
455
465
469
466
463
464
464
458
447
445
436
419
413
403
372
372
363
349
332
325
314
296
293
285
263
263
253
253
245
242
242
235
241
238
238
241
248
249
261
265
265
264
277
283
284
291
302
305
307
318
321
320
333
336
335
340
347
347
348
356
357
356
366
369
369
377
384
387
393
408
418
431
456
477
498
536
573
610
650
699
741
786
841
893
938
978
977
978
978
978
978
979
978
978
979
978
978
979
979
978
979
979
978
978
979
978
978
978
978
978
978
979
978
978
953
897
833
761
695
636
572
509
458
408
361
333
303
274
256
247
234
227
232
235
237
254
266
276
295
316
332
349
374
391
406
430
446
455
472
482
488
491
501
500
494
497
492
478
477
467
453
438
431
415
396
388
375
354
347
335
320
306
301
290
278
276
271
259
261
260
253
251
255
254
250
258
260
257
267
271
269
272
281
284
287
297
303
304
317
323
324
330
341
344
346
356
360
360
372
376
375
381
392
395
400
414
423
431
453
470
486
515
548
580
617
663
702
742
795
843
888
944
978
978
979
978
979
979
978
978
979
978
978
978
979
978
978
979
978
978
979
979
979
978
979
979
978
978
979
978
978
979
978
944
874
807
744
677
607
550
490
431
393
355
318
290
272
253
236
231
225
219
228
236
240
252
272
287
303
328
348
362
388
405
418
434
452
462
468
482
486
484
491
489
480
476
471
457
443
435
419
399
391
375
354
344
330
312
297
290
276
262
258
250
236
238
235
228
224
230
228
225
234
236
234
245
250
251
255
266
269
270
280
285
283
294
298
297
300
308
312
311
321
325
325
335
342
342
349
359
364
369
383
394
400
422
441
458
485
520
552
588
632
672
708
760
806
850
901
956
978
979
978
978
979
978
978
979
979
978
979
979
978
979
979
978
978
978
978
978
979
979
978
979
979
978
978
955
902
842
776
713
657
596
532
483
433
384
352
322
288
263
247
230
213
212
209
204
216
225
231
244
265
279
295
319
339
353
377
397
408
424
444
454
462
476
483
481
490
490
483
479
477
466
454
448
433
413
405
389
369
356
346
330
316
310
298
283
282
273
262
260
258
252
248
253
250
246
254
255
252
261
264
265
266
276
277
276
286
290
289
299
306
307
311
321
325
324
324
335
339
338
348
353
352
355
364
367
368
380
386
389
405
418
429
448
475
501
528
570
609
645
694
738
780
829
885
935
977
978
978
979
978
978
979
979
978
978
978
978
978
979
978
978
978
979
978
978
979
978
978
979
978
978
978
978
978
978
952
893
824
754
694
629
559
507
451
399
356
328
296
268
255
241
225
225
226
225
228
242
252
261
283
299
311
335
356
369
387
409
422
431
448
458
459
469
472
467
465
467
460
450
446
436
420
413
404
385
373
364
348
332
324
311
293
289
280
267
260
258
250
242
244
241
236
242
241
238
242
248
248
249
259
262
262
274
278
279
289
295
297
301
311
313
314
324
327
325
335
340
342
344
356
358
360
370
376
375
390
402
410
424
446
465
486
520
553
583
628
669
706
750
801
850
896
953
978
979
978
978
978
978
978
979
978
978
978
979
978
978
978
979
978
979
979
978
979
979
978
978
978
978
978
933
872
817
755
690
636
576
515
463
418
375
339
314
288
263
253
240
227
229
230
231
236
252
263
274
298
317
330
358
380
397
414
439
453
463
479
490
491
502
508
505
505
500
500
493
480
476
465
446
439
426
407
392
383
367
349
342
331
314
308
299
286
279
276
268
260
262
259
252
257
259
255
256
264
264
266
274
277
277
288
292
292
297
306
308
309
320
322
322
333
337
336
343
350
352
353
364
366
367
380
388
390
404
415
425
439
465
486
509
547
583
615
663
705
746
788
841
887
932
978
978
978
978
978
978
979
978
978
979
978
978
979
978
978
978
979
978
979
979
978
978
978
978
978
979
979
960
901
838
783
720
653
599
541
479
429
390
350
314
290
265
239
231
220
208
205
211
212
217
233
245
257
281
299
314
336
359
375
391
414
427
436
454
463
465
475
478
476
472
474
466
455
451
441
422
417
404
387
370
363
347
328
320
307
288
282
273
260
250
248
241
231
233
231
223
229
230
227
229
237
239
239
251
256
256
268
275
275
281
292
295
298
308
312
310
321
324
322
325
334
334
335
344
346
345
356
361
362
371
384
391
403
424
441
461
496
528
560
605
651
692
735
788
835
881
938
978
978
978
978
978
978
978
978
979
978
978
979
979
978
979
979
978
978
979
978
979
979
978
979
978
979
979
978
978
979
937
876
806
748
686
619
558
505
450
397
363
330
296
278
261
243
234
234
232
233
244
253
259
279
296
306
323
345
360
374
394
408
415
433
442
445
451
460
459
457
461
455
447
448
439
425
417
408
393
376
367
351
332
325
311
294
287
276
262
250
248
238
229
231
229
219
226
229
228
229
240
243
244
255
262
263
276
286
289
297
309
314
317
329
334
336
347
355
355
360
368
371
370
379
381
376
384
386
381
382
388
387
386
393
395
393
404
411
415
428
447
463
484
516
548
579
628
670
709
756
809
855
904
961
978
979
978
978
978
978
978
978
979
978
978
979
978
978
979
978
978
978
979
978
978
979
978
978
978
978
978
979
979
978
940
870
808
742
668
609
547
483
428
387
347
310
289
269
245
240
233
225
227
236
244
250
270
285
296
319
339
353
372
395
410
423
441
452
457
470
477
475
476
478
471
463
459
449
434
429
417
399
388
381
365
349
342
329
313
309
299
284
279
275
265
258
260
256
250
257
257
255
263
268
270
275
287
291
296
309
317
318
333
342
346
351
365
365
370
372
384
388
385
394
398
395
396
401
400
397
403
405
399
406
407
404
404
410
411
411
421
428
431
448
463
476
498
529
558
589
630
666
700
747
793
834
882
936
977
979
978
978
979
978
978
978
978
978
979
979
978
978
979
978
978
979
979
978
978
979
978
978
979
978
978
978
979
919
854
788
730
664
599
545
487
430
395
359
325
295
280
262
245
244
241
235
246
257
265
278
300
318
334
361
383
399
427
449
464
483
504
518
526
543
552
551
556
552
536
525
517
506
493
491
482
468
465
457
442
432
427
414
402
396
385
370
367
356
342
333
330
319
309
307
300
291
294
291
285
287
292
292
292
302
304
304
317
321
321
331
338
340
341
351
352
351
360
362
358
365
367
366
364
369
366
362
367
367
360
366
369
365
364
369
370
370
379
386
389
407
426
441
466
500
533
567
616
662
702
756
805
851
903
958
979
979
978
978
979
978
978
979
979
978
978
979
978
978
979
978
978
979
979
978
979
979
978
978
979
978
978
979
954
897
830
763
704
639
572
518
461
405
367
331
296
268
253
233
217
215
212
206
216
216
226
233
243
264
278
289
314
332
342
366
385
397
410
427
437
442
455
461
457
463
464
455
449
446
435
418
411
397
377
368
353
331
316
304
288
270
263
249
233
229
222
208
203
203
199
195
199
199
193
203
206
204
211
221
226
231
244
251
255
271
279
283
294
306
311
317
330
336
338
351
355
355
364
369
369
368
375
374
369
375
374
367
373
372
369
366
372
370
367
374
379
377
390
402
411
426
450
473
498
538
577
614
664
711
754
805
862
915
964
978
978
979
979
978
978
978
978
979
979
979
978
979
979
978
978
978
978
978
979
978
979
979
978
978
979
978
978
978
979
978
978
931
866
793
717
648
584
516
453
406
361
319
295
270
247
237
229
221
218
227
232
239
256
270
279
303
323
337
353
376
389
399
418
429
431
446
453
453
452
457
453
443
443
435
418
412
401
382
366
355
338
318
310
296
278
271
262
248
239
237
229
220
221
218
210
216
217
213
216
223
225
227
235
240
240
253
260
262
270
284
291
297
311
319
319
322
338
351
351
361
372
377
381
392
396
394
406
406
403
410
407
407
404
402
397
397
400
397
387
391
388
383
377
380
374
366
368
366
357
364
368
369
374
390
404
419
450
481
511
558
607
651
700
757
810
861
925
977
979
978
978
979
979
978
979
979
978
978
979
978
978
979
979
978
978
978
978
978
979
978
979
978
978
978
978
979
978
978
979
978
938
860
788
719
644
572
512
450
392
355
318
282
263
244
228
218
220
219
220
234
246
254
276
295
310
327
353
369
383
404
419
426
443
454
456
457
463
461
453
454
447
432
428
418
402
389
379
364
345
336
322
302
293
280
261
249
242
231
218
215
208
198
200
199
191
191
195
194
194
201
204
203
215
222
223
231
243
248
253
266
272
276
290
297
300
309
319
323
328
339
344
345
357
361
359
367
371
371
372
379
378
376
383
384
377
384
383
379
376
379
373
366
369
366
355
358
357
350
346
348
345
341
347
349
347
358
369
377
393
419
442
468
468
512
598
598
654
754
754
811
932
978
978
978
978
978
978
978
979
978
978
978
979
978
979
978
978
978
979
978
978
979
979
978
978
979
978
978
978
979
978
979
979
978
979
979
978
934
857
790
721
649
581
524
465
412
378
345
311
297
282
268
259
262
261
260
272
282
286
304
320
330
342
361
373
381
399
410
413
426
434
433
435
440
437
429
430
423
409
406
398
381
370
362
348
333
326
313
297
292
283
266
257
254
244
236
235
230
221
225
224
219
218
224
223
223
230
232
231
241
244
244
250
258
259
262
273
277
279
292
298
300
312
318
322
326
337
341
342
354
357
354
366
371
370
372
381
380
377
385
385
377
384
385
379
375
376
371
363
363
359
348
349
346
337
333
333
328
321
323
322
317
325
330
329
338
355
369
387
417
447
478
525
573
620
676
735
791
847
912
971
979
978
978
979
979
978
978
979
978
978
979
978
978
979
979
978
978
979
978
978
979
978
978
979
979
978
978
978
978
978
979
978
978
979
978
977
892
818
754
683
613
556
499
439
402
368
335
310
297
282
270
271
271
267
278
289
295
307
307
324
336
346
366
378
386
404
416
420
428
438
440
439
444
442
431
431
426
412
403
397
384
369
363
351
334
331
320
305
297
294
282
273
270
262
251
251
245
237
235
236
230
226
231
228
225
234
235
234
243
247
249
251
262
264
265
276
281
279
293
299
303
307
320
324
326
338
344
342
353
360
360
362
370
370
367
373
373
367
372
370
363
361
361
358
350
353
350
340
344
341
332
330
332
327
322
325
323
317
323
325
323
330
343
352
364
387
409
431
471
509
546
594
651
701
752
810
865
915
975
978
978
978
978
979
979
978
978
979
978
978
979
978
978
979
979
978
978
979
978
978
979
978
978
978
979
978
979
979
978
978
958
899
836
766
701
642
579
517
467
421
377
351
327
302
286
280
273
266
273
278
279
295
308
315
329
350
363
376
394
408
416
434
446
450
457
467
469
468
473
470
460
462
454
442
434
429
416
403
398
385
369
364
353
336
328
321
308
296
293
284
272
273
266
255
256
252
248
244
249
246
244
252
254
250
262
266
266
267
278
279
281
291
297
295
306
314
315
320
330
335
337
349
354
353
353
363
368
364
367
374
373
369
375
374
369
374
374
367
366
370
366
362
365
363
357
363
363
357
359
365
366
369
381
389
396
419
439
460
490
530
567
609
660
705
748
806
858
905
961
978
978
979
977
978
979
978
978
979
978
978
978
978
978
979
979
978
978
978
978
978
979
978
978
978
979
978
978
978
978
977
901
839
781
718
654
601
544
485
445
409
372
345
328
308
291
288
282
276
284
290
291
301
317
327
338
357
372
381
400
415
422
435
449
455
459
468
470
466
471
468
458
454
453
442
432
427
415
400
395
383
366
356
349
335
321
315
302
289
286
278
266
266
262
255
251
254
250
246
252
252
246
254
258
257
259
269
272
274
285
292
292
304
313
314
320
331
334
336
346
352
351
361
366
363
366
373
372
368
376
376
370
376
376
369
368
371
367
361
363
360
351
355
354
348
348
354
354
357
367
377
385
408
428
450
480
520
557
599
650
696
740
799
851
899
955
978
978
978
978
979
979
978
978
978
978
979
979
979
978
979
979
978
978
978
978
978
979
978
978
978
979
978
978
978
978
978
979
936
878
814
814
747
691
631
567
518
468
420
385
360
336
313
305
295
284
287
289
287
295
309
318
327
344
357
364
384
398
404
415
430
437
442
453
457
454
464
463
458
457
457
448
439
436
424
410
405
393
376
367
358
343
330
325
311
298
296
286
272
272
265
257
250
252
246
241
245
245
239
246
249
249
252
261
264
265
277
284
284
296
305
307
314
325
330
333
344
350
349
360
366
364
368
375
375
374
382
383
378
385
387
380
381
384
381
377
381
377
370
377
377
372
375
384
388
394
411
424
439
469
497
525
564
611
651
693
745
790
837
894
946
978
978
978
978
979
978
978
979
978
978
979
978
978
978
979
978
978
979
978
979
979
978
978
978
978
978
979
979
978
978
973
908
849
780
718
660
600
539
490
444
400
373
348
321
305
296
285
275
277
277
274
285
295
298
310
327
338
348
366
379
388
406
419
423
433
445
450
451
460
461
456
462
459
451
447
445
433
422
417
404
388
383
370
352
344
334
320
308
303
292
278
277
269
257
258
255
248
244
249
246
243
249
252
249
258
263
265
268
278
281
282
294
299
298
310
317
317
317
322
333
336
337
347
351
349
358
361
358
360
365
364
361
367
367
362
369
370
365
365
370
369
367
375
377
377
390
399
407
423
449
469
495
533
571
608
658
701
742
790
842
889
938
978
979
979
978
978
979
978
978
979
979
978
978
979
978
978
979
978
978
978
978
978
978
979
978
978
979
978
978
978
979
949
889
825
769
709
643
591
538
481
436
402
369
337
321
303
284
280
276
267
268
276
280
285
301
312
321
341
358
368
382
401
410
420
434
443
443
456
460
457
457
461
456
448
448
438
426
423
412
395
387
378
363
349
343
329
315
311
300
285
282
275
265
257
257
251
243
247
244
236
242
243
241
241
250
250
250
259
264
261
272
280
281
287
297
302
304
317
322
320
330
336
336
339
348
349
348
357
360
355
363
365
361
362
368
366
363
368
367
362
368
371
368
371
381
387
394
413
429
446
479
510
541
582
632
676
719
772
820
866
925
973
979
979
978
978
979
978
978
978
978
979
979
978
978
978
979
979
979
979
978
978
978
979
978
979
979
978
978
979
978
978
978
916
856
789
725
669
609
547
499
452
452
405
377
349
320
300
289
277
265
267
266
262
273
283
286
298
316
328
340
360
374
382
401
415
421
432
445
449
452
460
460
453
457
453
443
437
433
421
409
403
390
373
367
354
337
329
320
306
293
290
278
265
264
257
245
247
244
238
235
241
239
235
244
246
242
253
259
261
265
277
282
286
298
305
305
318
325
326
331
341
344
346
355
360
359
368
372
369
371
378
378
376
381
380
374
379
380
373
371
374
370
366
369
368
362
369
371
370
377
391
400
414
441
464
490
532
572
613
661
713
760
809
866
916
964
978
978
979
978
978
979
978
978
978
979
978
978
978
979
978
979
979
978
978
979
978
978
979
978
978
978
979
978
979
979
940
881
813
757
699
635
578
529
477
429
399
368
338
323
308
290
282
281
278
275
286
293
297
314
328
337
352
373
386
399
418
430
435
452
459
461
467
474
472
468
471
464
454
453
443
429
420
412
399
384
379
364
349
346
334
319
313
304
292
281
279
270
260
259
253
242
245
242
237
234
240
239
237
245
250
248
261
268
271
277
289
294
297
309
316
318
329
337
338
344
354
354
356
355
364
366
361
368
369
362
361
363
361
356
360
360
353
360
361
357
361
369
371
374
388
397
405
428
449
469
500
539
574
616
666
709
752
807
857
904
957
978
979
979
978
978
979
978
978
978
978
979
979
979
978
978
979
978
978
979
978
978
978
979
978
978
979
978
978
979
978
946
880
817
760
697
632
580
525
467
428
392
355
328
311
292
274
270
264
256
263
269
268
278
294
304
315
334
348
357
378
392
400
413
428
434
439
450
453
450
457
454
447
444
441
432
421
416
405
390
386
373
356
348
339
324
310
306
293
279
277
267
253
253
248
241
235
238
235
230
236
236
231
239
244
245
248
259
265
267
279
286
287
300
310
312
319
328
333
333
345
350
349
359
365
363
367
373
374
371
379
380
374
381
382
376
376
379
374
371
374
372
365
372
372
368
370
379
382
388
405
419
434
466
494
525
567
617
661
708
764
815
865
927
977
978
979
978
979
979
978
978
979
979
979
978
978
978
979
979
979
978
978
978
979
979
978
978
978
978
978
978
979
979
978
979
959
899
830
765
707
643
579
528
475
423
391
361
361
329
307
295
281
268
268
266
262
273
282
286
297
315
326
337
356
369
377
398
410
417
428
441
445
446
454
454
449
453
446
435
429
425
413
400
394
381
364
358
345
329
322
311
297
285
282
271
260
258
252
240
242
240
233
229
234
232
228
236
238
234
244
250
252
257
268
273
276
289
297
298
311
320
322
331
342
348
351
361
366
365
374
378
376
378
384
384
382
388
387
382
388
389
382
382
385
382
379
383
382
377
388
391
393
401
416
429
446
475
504
534
580
623
665
714
766
813
862
920
970
979
978
978
979
978
978
979
979
978
978
979
978
978
979
978
978
979
979
978
978
978
978
979
979
979
978
979
979
978
978
923
867
804
734
678
617
553
497
449
402
360
334
308
280
270
258
245
241
245
247
250
264
274
281
304
321
333
351
374
390
403
423
435
442
458
465
466
470
476
473
468
470
462
450
448
448
422
422
414
404
389
374
365
349
325
325
312
295
280
269
269
260
250
250
240
242
229
229
234
235
232
231
240
241
242
252
257
257
269
278
280
288
300
306
309
323
330
331
342
349
350
356
365
367
366
375
376
371
378
381
375
376
379
377
373
378
375
368
375
375
371
375
384
387
394
410
425
440
470
498
527
566
613
655
698
751
799
846
905
957
979
978
978
978
979
978
978
979
978
978
978
979
978
979
979
978
978
979
978
978
979
979
978
979
978
978
979
979
978
978
913
857
795
728
666
610
549
490
448
406
365
342
319
294
279
271
262
253
259
261
261
277
290
298
314
335
351
365
387
403
413
433
446
453
461
473
474
473
478
475
466
468
460
446
437
430
416
402
394
380
361
355
339
321
312
302
288
276
272
260
248
247
240
229
233
231
227
224
230
229
226
235
240
237
248
256
258
264
276
282
286
298
305
306
319
327
328
335
344
347
349
359
362
360
369
373
369
370
376
374
371
374
372
366
370
371
365
365
370
370
370
380
385
389
407
423
436
460
493
522
557
605
648
689
744
795
842
898
957
978
978
978
978
978
979
978
978
979
978
978
978
979
978
978
979
978
979
979
979
978
979
979
978
978
979
978
978
979
978
978
978
963
901
835
764
704
640
571
518
465
413
374
346
317
291
280
268
254
255
255
252
257
269
279
287
305
321
330
351
368
377
392
409
419
426
441
447
447
457
458
451
449
449
440
429
425
414
399
394
381
363
353
343
328
313
307
294
278
276
266
252
249
242
232
226
228
223
217
223
222
216
226
230
232
235
246
250
252
264
271
272
284
294
297
304
316
323
326
339
346
347
359
365
365
369
378
379
378
387
387
383
389
390
384
383
387
383
380
384
383
378
386
390
389
396
411
421
436
463
488
516
559
601
640
686
738
786
837
897
952
979
978
978
978
978
978
978
979
978
978
979
978
978
979
978
978
978
979
978
979
979
978
978
979
979
978
978
979
978
978
979
975
898
824
763
697
626
561
505
447
395
360
327
294
278
263
246
239
241
241
241
254
263
270
291
308
319
338
360
376
390
411
425
433
450
460
462
467
475
473
470
472
466
455
454
445
431
421
414
398
384
376
361
343
336
323
306
299
299
289
277
266
264
255
245
247
242
233
239
239
236
234
243
242
242
252
258
257
270
278
283
289
302
307
310
323
330
330
342
350
351
357
365
368
366
375
377
372
379
381
376
377
382
382
378
385
386
382
390
394
392
399
412
421
434
457
480
502
543
580
619
664
715
760
807
864
916
964
978
978
978
979
978
979
979
978
979
979
978
979
978
978
979
979
979
978
978
979
978
978
979
978
979
979
979
978
978
979
934
869
796
736
674
608
546
493
441
394
363
331
299
282
266
248
238
238
235
234
246
256
262
282
300
312
331
354
372
388
411
428
437
456
468
470
475
483
482
477
478
471
459
455
445
428
415
406
388
372
362
347
328
321
308
291
283
277
266
255
253
245
236
240
236
231
234
235
234
233
242
243
243
255
259
259
273
280
285
290
303
307
309
321
327
326
337
345
346
350
358
361
360
368
371
367
375
378
375
376
383
383
380
387
388
383
392
395
394
401
415
426
439
464
488
512
553
594
630
673
724
769
817
875
928
974
978
978
979
978
978
978
979
978
978
979
978
978
979
979
978
979
979
978
978
979
979
978
978
979
978
978
979
979
978
978
948
888
821
747
687
623
556
494
444
392
345
315
286
256
241
229
215
208
211
211
212
226
239
248
269
289
303
323
348
365
378
402
417
425
442
453
455
461
470
469
466
469
464
454
453
445
430
420
412
397
382
373
359
340
334
321
304
293
287
274
262
259
249
238
240
234
227
227
229
226
226
234
235
235
247
252
253
265
272
276
282
295
301
305
319
326
326
339
345
346
348
359
360
360
368
371
366
374
377
374
375
380
379
374
381
382
378
387
392
393
402
418
432
447
476
504
531
574
618
656
701
752
799
849
907
960
979
978
979
979
979
978
979
979
978
978
978
978
978
979
979
978
979
979
979
979
979
978
978
979
979
978
979
979
978
978
979
952
886
811
750
684
616
550
496
440
391
358
326
292
276
260
245
235
239
237
237
250
260
266
285
302
314
331
353
369
382
405
420
428
445
457
459
464
473
473
469
473
469
459
457
450
434
423
416
402
386
377
363
344
337
324
307
296
290
277
264
261
253
241
243
239
231
231
234
232
232
240
242
241
252
257
259
269
278
282
282
287
300
305
307
321
327
327
339
344
347
349
359
360
359
367
369
365
375
378
377
377
386
387
386
395
401
401
417
430
441
459
487
513
541
584
626
664
714
761
803
852
907
957
979
978
978
979
978
978
978
979
978
979
979
978
979
979
978
979
978
979
978
978
979
978
978
979
978
978
978
979
965
896
830
770
704
635
580
519
459
413
373
335
302
283
260
240
235
226
216
223
228
232
241
261
274
287
310
330
342
367
389
404
419
441
453
461
475
484
483
492
494
488
484
482
474
460
456
446
428
421
408
390
377
367
352
336
329
317
299
295
287
273
266
264
257
249
250
248
240
247
248
244
247
256
257
259
269
274
275
288
293
293
301
310
312
315
326
328
329
341
344
343
350
356
357
358
368
368
369
379
384
382
394
401
407
415
435
449
463
493
522
549
593
638
678
722
773
820
864
921
971
979
979
978
979
979
978
979
979
978
978
979
979
978
979
979
978
978
979
978
979
979
978
978
979
979
978
978
979
978
916
847
789
725
657
594
537
476
421
382
343
304
285
261
239
228
223
217
215
224
230
235
255
269
269
281
302
323
340
357
381
398
411
433
446
452
469
478
480
482
488
485
478
478
470
454
449
440
424
408
399
383
364
355
342
322
314
302
284
272
266
255
242
241
235
225
227
226
220
220
226
226
224
234
238
237
250
257
258
265
277
282
287
298
304
304
317
324
324
330
341
344
347
356
358
358
368
369
368
371
377
378
378
388
390
391
406
415
423
444
465
486
513
552
589
625
674
718
759
817
868
920
970
978
979
979
978
978
979
979
979
979
979
978
978
979
978
978
979
978
979
978
979
978
979
979
978
978
979
978
978
978
913
853
784
715
654
590
522
469
419
369
332
304
275
250
238
226
212
215
214
213
220
235
245
257
279
295
307
333
351
363
381
401
412
422
439
446
448
458
460
455
456
454
446
436
432
419
404
397
384
364
358
346
329
313
306
292
276
272
263
247
246
243
234
228
229
226
220
225
226
221
227
232
232
235
245
250
252
265
273
275
289
299
302
311
324
330
334
348
354
354
365
371
370
372
379
379
376
382
381
375
381
380
373
374
378
375
374
381
383
381
394
401
407
422
445
465
489
527
527
563
602
653
698
741
795
849
898
949
978
978
979
978
978
979
978
978
979
979
978
979
979
978
978
979
978
979
978
978
978
979
979
978
978
979
978
978
979
933
876
809
739
680
616
548
495
445
395
357
328
299
271
259
245
230
231
232
229
236
250
260
271
293
310
323
350
370
384
402
423
434
445
461
470
472
483
483
477
